1334.0 2171.0 1411.0 2171.0 1411.0 2216.0 1334.0 2216.0 ship 0
362.0 1904.0 430.0 1904.0 430.0 1944.0 362.0 1944.0 ship 0
744.0 2086.0 821.0 2086.0 821.0 2132.0 744.0 2132.0 ship 0
1021.0 2101.0 1098.0 2101.0 1098.0 2146.0 1021.0 2146.0 ship 0
917.0 1380.0 984.0 1380.0 984.0 1420.0 917.0 1420.0 ship 0
1224.0 1503.0 1291.0 1503.0 1291.0 1562.0 1224.0 1562.0 ship 0
533.0 1447.0 601.0 1447.0 601.0 1507.0 533.0 1507.0 ship 0
406.0 813.0 460.0 813.0 460.0 858.0 406.0 858.0 ship 0
939.0 368.0 1073.0 368.0 1073.0 438.0 939.0 438.0 ship 0
1352.0 481.0 1450.0 481.0 1450.0 536.0 1352.0 536.0 ship 0
2640.0 1092.0 2677.0 1092.0 2677.0 1156.0 2640.0 1156.0 ship 0
996.0 468.0 1073.0 468.0 1073.0 536.0 996.0 536.0 ship 0
2038.0 1088.0 2073.0 1088.0 2073.0 1161.0 2038.0 1161.0 ship 0
