447.0 142.0 572.0 142.0 572.0 185.0 447.0 185.0 ship 0
1885.0 1516.0 1958.0 1516.0 1958.0 1553.0 1885.0 1553.0 ship 0
2408.0 1348.0 2464.0 1348.0 2464.0 1421.0 2408.0 1421.0 ship 0
2787.0 1402.0 2839.0 1402.0 2839.0 1464.0 2787.0 1464.0 ship 0
2770.0 2091.0 2824.0 2091.0 2824.0 2139.0 2770.0 2139.0 ship 0
550.0 1886.0 593.0 1886.0 593.0 1906.0 550.0 1906.0 ship 0
299.0 655.0 319.0 655.0 319.0 665.0 299.0 665.0 ship 0
211.0 497.0 255.0 497.0 255.0 522.0 211.0 522.0 ship 0
2409.0 586.0 2443.0 586.0 2443.0 646.0 2409.0 646.0 ship 0
2370.0 1071.0 2397.0 1071.0 2397.0 1134.0 2370.0 1134.0 ship 0
