2405.0 2585.0 2513.0 2585.0 2513.0 2766.0 2405.0 2766.0 ship 0
2889.0 2748.0 2968.0 2748.0 2968.0 2897.0 2889.0 2897.0 ship 0
2831.0 1691.0 2918.0 1691.0 2918.0 1804.0 2831.0 1804.0 ship 0
2871.0 1344.0 2944.0 1344.0 2944.0 1473.0 2871.0 1473.0 ship 0
2655.0 1318.0 2771.0 1318.0 2771.0 1460.0 2655.0 1460.0 ship 0
2563.0 1026.0 2639.0 1026.0 2639.0 1152.0 2563.0 1152.0 ship 0
2379.0 1150.0 2458.0 1150.0 2458.0 1276.0 2379.0 1276.0 ship 0
1985.0 1397.0 2061.0 1397.0 2061.0 1518.0 1985.0 1518.0 ship 0
2321.0 826.0 2403.0 826.0 2403.0 968.0 2321.0 968.0 ship 0
2550.0 803.0 2652.0 803.0 2652.0 955.0 2550.0 955.0 ship 0
2763.0 808.0 2873.0 808.0 2873.0 995.0 2763.0 995.0 ship 0
2579.0 359.0 2663.0 359.0 2663.0 493.0 2579.0 493.0 ship 0
2271.0 411.0 2382.0 411.0 2382.0 592.0 2271.0 592.0 ship 0
2185.0 598.0 2261.0 598.0 2261.0 740.0 2185.0 740.0 ship 0
1969.0 335.0 2072.0 335.0 2072.0 529.0 1969.0 529.0 ship 0
2329.0 62.0 2429.0 62.0 2429.0 219.0 2329.0 219.0 ship 0
2718.0 1931.0 2838.0 1931.0 2838.0 2045.0 2718.0 2045.0 ship 0
2636.0 1573.0 2734.0 1573.0 2734.0 1695.0 2636.0 1695.0 ship 0
2509.0 1271.0 2622.0 1271.0 2622.0 1381.0 2509.0 1381.0 ship 0
2949.0 2229.0 2997.0 2229.0 2997.0 2358.0 2949.0 2358.0 ship 0
