2705.0 1338.0 2856.0 1338.0 2856.0 1458.0 2705.0 1458.0 ship 0
1416.0 2035.0 1536.0 2035.0 1536.0 2115.0 1416.0 2115.0 ship 0
1117.0 2062.0 1191.0 2062.0 1191.0 2120.0 1117.0 2120.0 ship 0
942.0 2080.0 1010.0 2080.0 1010.0 2132.0 942.0 2132.0 ship 0
927.0 2239.0 1014.0 2239.0 1014.0 2291.0 927.0 2291.0 ship 0
869.0 1837.0 944.0 1837.0 944.0 1880.0 869.0 1880.0 ship 0
952.0 1676.0 1020.0 1676.0 1020.0 1732.0 952.0 1732.0 ship 0
770.0 1623.0 849.0 1623.0 849.0 1674.0 770.0 1674.0 ship 0
649.0 1521.0 713.0 1521.0 713.0 1573.0 649.0 1573.0 ship 0
556.0 1612.0 616.0 1612.0 616.0 1670.0 556.0 1670.0 ship 0
529.0 1847.0 597.0 1847.0 597.0 1893.0 529.0 1893.0 ship 0
233.0 1711.0 286.0 1711.0 286.0 1757.0 233.0 1757.0 ship 0
913.0 474.0 1047.0 474.0 1047.0 518.0 913.0 518.0 ship 0
945.0 351.0 1117.0 351.0 1117.0 386.0 945.0 386.0 ship 0
946.0 281.0 1117.0 281.0 1117.0 326.0 946.0 326.0 ship 0
