3052.0 3058.0 3229.0 3058.0 3229.0 3192.0 3052.0 3192.0 ship 0
1885.0 2404.0 2034.0 2404.0 2034.0 2507.0 1885.0 2507.0 ship 0
1608.0 3467.0 1773.0 3467.0 1773.0 3568.0 1608.0 3568.0 ship 0
2024.0 3474.0 2149.0 3474.0 2149.0 3571.0 2024.0 3571.0 ship 0
593.0 3100.0 706.0 3100.0 706.0 3172.0 593.0 3172.0 ship 0
296.0 3123.0 365.0 3123.0 365.0 3162.0 296.0 3162.0 ship 0
108.0 3127.0 187.0 3127.0 187.0 3172.0 108.0 3172.0 ship 0
103.0 3292.0 175.0 3292.0 175.0 3334.0 103.0 3334.0 ship 0
44.0 2890.0 124.0 2890.0 124.0 2941.0 44.0 2941.0 ship 0
135.0 2727.0 196.0 2727.0 196.0 2777.0 135.0 2777.0 ship 0
85.0 1535.0 219.0 1535.0 219.0 1566.0 85.0 1566.0 ship 0
117.0 1412.0 265.0 1412.0 265.0 1444.0 117.0 1444.0 ship 0
116.0 1346.0 273.0 1346.0 273.0 1379.0 116.0 1379.0 ship 0
119.0 1031.0 306.0 1031.0 306.0 1086.0 119.0 1086.0 ship 0
119.0 897.0 262.0 897.0 262.0 935.0 119.0 935.0 ship 0
2670.0 56.0 2691.0 56.0 2691.0 91.0 2670.0 91.0 ship 0
2930.0 57.0 2951.0 57.0 2951.0 97.0 2930.0 97.0 ship 0
3458.0 439.0 3548.0 439.0 3548.0 539.0 3458.0 539.0 ship 0
3546.0 566.0 3614.0 566.0 3614.0 647.0 3546.0 647.0 ship 0
3554.0 562.0 3621.0 562.0 3621.0 638.0 3554.0 638.0 ship 0
1809.0 4011.0 1887.0 4011.0 1887.0 4059.0 1809.0 4059.0 ship 0
