684.0 81.0 838.0 81.0 838.0 189.0 684.0 189.0 other 0
528.0 119.0 683.0 119.0 683.0 216.0 528.0 216.0 A320/321 0
950.0 496.0 1066.0 496.0 1066.0 617.0 950.0 617.0 Boeing737 0
563.0 513.0 650.0 513.0 650.0 594.0 563.0 594.0 A220 0
483.0 537.0 565.0 537.0 565.0 608.0 483.0 608.0 Boeing737 0
254.0 771.0 370.0 771.0 370.0 868.0 254.0 868.0 A320/321 0
279.0 1118.0 400.0 1118.0 400.0 1183.0 279.0 1183.0 A220 0
659.0 515.0 776.0 515.0 776.0 619.0 659.0 619.0 Boeing787 0
797.0 500.0 897.0 500.0 897.0 609.0 797.0 609.0 other 0
1074.0 183.0 1129.0 183.0 1129.0 230.0 1074.0 230.0 A220 0
840.0 98.0 967.0 98.0 967.0 195.0 840.0 195.0 A320/321 0
981.0 103.0 1083.0 103.0 1083.0 209.0 981.0 209.0 A220 0
