229.0 340.0 351.0 340.0 351.0 425.0 229.0 425.0 A320/321 0
1.0 338.0 99.0 338.0 99.0 411.0 1.0 411.0 other 0
100.0 328.0 200.0 328.0 200.0 410.0 100.0 410.0 A320/321 0
21.0 750.0 103.0 750.0 103.0 835.0 21.0 835.0 other 0
396.0 336.0 483.0 336.0 483.0 396.0 396.0 396.0 A320/321 0
486.0 486.0 561.0 486.0 561.0 549.0 486.0 549.0 A220 0
485.0 408.0 549.0 408.0 549.0 476.0 485.0 476.0 A220 0
465.0 650.0 558.0 650.0 558.0 729.0 465.0 729.0 A320/321 0
300.0 708.0 390.0 708.0 390.0 807.0 300.0 807.0 A320/321 0
170.0 713.0 252.0 713.0 252.0 819.0 170.0 819.0 Boeing787 0
413.0 712.0 498.0 712.0 498.0 774.0 413.0 774.0 Boeing737 0
