431.0 515.0 521.0 515.0 521.0 593.0 431.0 593.0 other 0
355.0 539.0 424.0 539.0 424.0 597.0 355.0 597.0 other 0
355.0 640.0 429.0 640.0 429.0 702.0 355.0 702.0 A220 0
222.0 643.0 304.0 643.0 304.0 707.0 222.0 707.0 ARJ21 0
52.0 652.0 121.0 652.0 121.0 709.0 52.0 709.0 ARJ21 0
436.0 637.0 525.0 637.0 525.0 699.0 436.0 699.0 ARJ21 0
309.0 241.0 385.0 241.0 385.0 332.0 309.0 332.0 Boeing737 0
393.0 235.0 470.0 235.0 470.0 328.0 393.0 328.0 other 0
128.0 252.0 231.0 252.0 231.0 341.0 128.0 341.0 Boeing737 0
44.0 252.0 123.0 252.0 123.0 335.0 44.0 335.0 A320/321 0
130.0 642.0 211.0 642.0 211.0 727.0 130.0 727.0 Boeing737 0
540.0 237.0 628.0 237.0 628.0 321.0 540.0 321.0 ARJ21 0
136.0 545.0 204.0 545.0 204.0 597.0 136.0 597.0 other 0
44.0 547.0 112.0 547.0 112.0 611.0 44.0 611.0 other 0
216.0 541.0 283.0 541.0 283.0 607.0 216.0 607.0 other 0
