50.0 436.0 130.0 436.0 130.0 496.0 50.0 496.0 A220 0
1.0 439.0 40.0 439.0 40.0 499.0 1.0 499.0 other 0
31.0 115.0 121.0 115.0 121.0 193.0 31.0 193.0 other 0
36.0 237.0 125.0 237.0 125.0 299.0 36.0 299.0 ARJ21 0
306.0 186.0 419.0 186.0 419.0 259.0 306.0 259.0 other 0
313.0 268.0 425.0 268.0 425.0 342.0 313.0 342.0 other 0
314.0 113.0 408.0 113.0 408.0 177.0 314.0 177.0 other 0
84.0 739.0 171.0 739.0 171.0 799.0 84.0 799.0 Boeing787 0
386.0 737.0 479.0 737.0 479.0 797.0 386.0 797.0 A220 0
311.0 435.0 397.0 435.0 397.0 516.0 311.0 516.0 other 0
