661.0 108.0 736.0 108.0 736.0 179.0 661.0 179.0 other 0
747.0 105.0 829.0 105.0 829.0 183.0 747.0 183.0 other 0
837.0 105.0 916.0 105.0 916.0 180.0 837.0 180.0 other 0
1051.0 94.0 1131.0 94.0 1131.0 168.0 1051.0 168.0 other 0
973.0 96.0 1035.0 96.0 1035.0 168.0 973.0 168.0 other 0
671.0 241.0 737.0 241.0 737.0 284.0 671.0 284.0 ARJ21 0
679.0 442.0 749.0 442.0 749.0 501.0 679.0 501.0 ARJ21 0
818.0 711.0 899.0 711.0 899.0 811.0 818.0 811.0 other 0
968.0 712.0 1048.0 712.0 1048.0 838.0 968.0 838.0 other 0
1108.0 703.0 1187.0 703.0 1187.0 816.0 1108.0 816.0 Boeing787 0
784.0 447.0 834.0 447.0 834.0 501.0 784.0 501.0 A220 0
869.0 444.0 916.0 444.0 916.0 499.0 869.0 499.0 A320/321 0
