669.0 72.0 729.0 72.0 729.0 139.0 669.0 139.0 other 0
757.0 65.0 808.0 65.0 808.0 139.0 757.0 139.0 other 0
838.0 63.0 900.0 63.0 900.0 139.0 838.0 139.0 other 0
975.0 59.0 1024.0 59.0 1024.0 129.0 975.0 129.0 other 0
1052.0 55.0 1122.0 55.0 1122.0 125.0 1052.0 125.0 other 0
673.0 192.0 727.0 192.0 727.0 248.0 673.0 248.0 ARJ21 0
676.0 396.0 745.0 396.0 745.0 464.0 676.0 464.0 ARJ21 0
775.0 400.0 826.0 400.0 826.0 461.0 775.0 461.0 A220 0
861.0 400.0 915.0 400.0 915.0 458.0 861.0 458.0 A320/321 0
1112.0 664.0 1179.0 664.0 1179.0 737.0 1112.0 737.0 Boeing787 0
972.0 667.0 1038.0 667.0 1038.0 747.0 972.0 747.0 A220 0
824.0 668.0 890.0 668.0 890.0 738.0 824.0 738.0 other 0
