927.0 964.0 997.0 964.0 997.0 999.0 927.0 999.0 Boeing787 0
332.0 384.0 411.0 384.0 411.0 452.0 332.0 452.0 other 0
347.0 719.0 412.0 719.0 412.0 780.0 347.0 780.0 ARJ21 0
750.0 691.0 823.0 691.0 823.0 763.0 750.0 763.0 A220 0
510.0 379.0 577.0 379.0 577.0 447.0 510.0 447.0 other 0
648.0 377.0 704.0 377.0 704.0 442.0 648.0 442.0 other 0
736.0 470.0 801.0 470.0 801.0 538.0 736.0 538.0 ARJ21 0
741.0 74.0 832.0 74.0 832.0 156.0 741.0 156.0 ARJ21 0
678.0 86.0 743.0 86.0 743.0 169.0 678.0 169.0 other 0
596.0 83.0 672.0 83.0 672.0 170.0 596.0 170.0 Boeing737 0
426.0 394.0 496.0 394.0 496.0 457.0 426.0 457.0 other 0
338.0 503.0 406.0 503.0 406.0 557.0 338.0 557.0 ARJ21 0
716.0 365.0 805.0 365.0 805.0 450.0 716.0 450.0 other 0
632.0 668.0 739.0 668.0 739.0 781.0 632.0 781.0 other 0
