243.0 246.0 324.0 246.0 324.0 329.0 243.0 329.0 A320/321 0
332.0 257.0 424.0 257.0 424.0 339.0 332.0 339.0 Boeing737 0
514.0 246.0 578.0 246.0 578.0 325.0 514.0 325.0 Boeing737 0
593.0 244.0 672.0 244.0 672.0 324.0 593.0 324.0 other 0
743.0 237.0 822.0 237.0 822.0 317.0 743.0 317.0 ARJ21 0
256.0 545.0 308.0 545.0 308.0 621.0 256.0 621.0 other 0
339.0 542.0 399.0 542.0 399.0 613.0 339.0 613.0 other 0
422.0 540.0 478.0 540.0 478.0 610.0 422.0 610.0 other 0
560.0 532.0 615.0 532.0 615.0 596.0 560.0 596.0 other 0
634.0 524.0 710.0 524.0 710.0 597.0 634.0 597.0 other 0
261.0 652.0 316.0 652.0 316.0 705.0 261.0 705.0 ARJ21 0
334.0 644.0 406.0 644.0 406.0 726.0 334.0 726.0 Boeing737 0
432.0 645.0 490.0 645.0 490.0 708.0 432.0 708.0 ARJ21 0
556.0 638.0 633.0 638.0 633.0 704.0 556.0 704.0 A220 0
651.0 638.0 713.0 638.0 713.0 699.0 651.0 699.0 ARJ21 0
262.0 864.0 334.0 864.0 334.0 944.0 262.0 944.0 ARJ21 0
351.0 867.0 413.0 867.0 413.0 937.0 351.0 937.0 A220 0
440.0 861.0 498.0 861.0 498.0 933.0 440.0 933.0 A320/321 0
564.0 842.0 643.0 842.0 643.0 917.0 564.0 917.0 other 0
648.0 835.0 728.0 835.0 728.0 907.0 648.0 907.0 A220 0
407.0 1140.0 508.0 1140.0 508.0 1256.0 407.0 1256.0 other 0
545.0 1144.0 659.0 1144.0 659.0 1244.0 545.0 1244.0 A220 0
691.0 1138.0 781.0 1138.0 781.0 1245.0 691.0 1245.0 Boeing787 0
853.0 1163.0 935.0 1163.0 935.0 1239.0 853.0 1239.0 Boeing787 0
987.0 1132.0 1082.0 1132.0 1082.0 1223.0 987.0 1223.0 A220 0
