239.0 667.0 336.0 667.0 336.0 768.0 239.0 768.0 other 0
342.0 679.0 402.0 679.0 402.0 753.0 342.0 753.0 A220 0
192.0 76.0 280.0 76.0 280.0 162.0 192.0 162.0 Boeing737 0
289.0 72.0 355.0 72.0 355.0 155.0 289.0 155.0 other 0
357.0 63.0 400.0 63.0 400.0 145.0 357.0 145.0 ARJ21 0
318.0 344.0 395.0 344.0 395.0 450.0 318.0 450.0 other 0
340.0 465.0 393.0 465.0 393.0 536.0 340.0 536.0 ARJ21 0
247.0 374.0 295.0 374.0 295.0 440.0 247.0 440.0 other 0
117.0 378.0 165.0 378.0 165.0 447.0 117.0 447.0 other 0
15.0 387.0 92.0 387.0 92.0 457.0 15.0 457.0 other 0
