434.0 864.0 502.0 864.0 502.0 963.0 434.0 963.0 A220 0
515.0 848.0 600.0 848.0 600.0 960.0 515.0 960.0 other 0
622.0 841.0 704.0 841.0 704.0 918.0 622.0 918.0 A320/321 0
745.0 847.0 840.0 847.0 840.0 920.0 745.0 920.0 A320/321 0
377.0 451.0 445.0 451.0 445.0 538.0 377.0 538.0 other 0
911.0 130.0 988.0 130.0 988.0 242.0 911.0 242.0 Boeing737 0
784.0 150.0 856.0 150.0 856.0 240.0 784.0 240.0 Boeing737 0
358.0 182.0 444.0 182.0 444.0 266.0 358.0 266.0 Boeing737 0
448.0 178.0 531.0 178.0 531.0 262.0 448.0 262.0 Boeing737 0
160.0 394.0 247.0 394.0 247.0 452.0 160.0 452.0 A220 0
891.0 839.0 980.0 839.0 980.0 903.0 891.0 903.0 A320/321 0
673.0 1227.0 746.0 1227.0 746.0 1312.0 673.0 1312.0 Boeing787 0
650.0 157.0 724.0 157.0 724.0 238.0 650.0 238.0 other 0
814.0 1222.0 884.0 1222.0 884.0 1302.0 814.0 1302.0 A320/321 0
