993.0 996.0 1074.0 996.0 1074.0 1079.0 993.0 1079.0 A320/321 0
1082.0 1007.0 1174.0 1007.0 1174.0 1089.0 1082.0 1089.0 Boeing737 0
1264.0 996.0 1328.0 996.0 1328.0 1075.0 1264.0 1075.0 Boeing737 0
1343.0 994.0 1422.0 994.0 1422.0 1074.0 1343.0 1074.0 other 0
1006.0 1295.0 1058.0 1295.0 1058.0 1371.0 1006.0 1371.0 other 0
1089.0 1292.0 1149.0 1292.0 1149.0 1363.0 1089.0 1363.0 other 0
1172.0 1290.0 1228.0 1290.0 1228.0 1360.0 1172.0 1360.0 other 0
1310.0 1282.0 1365.0 1282.0 1365.0 1346.0 1310.0 1346.0 other 0
1384.0 1274.0 1460.0 1274.0 1460.0 1347.0 1384.0 1347.0 other 0
1011.0 1402.0 1066.0 1402.0 1066.0 1455.0 1011.0 1455.0 ARJ21 0
1084.0 1394.0 1156.0 1394.0 1156.0 1476.0 1084.0 1476.0 Boeing737 0
1182.0 1395.0 1240.0 1395.0 1240.0 1458.0 1182.0 1458.0 ARJ21 0
1306.0 1388.0 1383.0 1388.0 1383.0 1454.0 1306.0 1454.0 A220 0
1401.0 1388.0 1463.0 1388.0 1463.0 1449.0 1401.0 1449.0 ARJ21 0
