57.0 65.0 108.0 65.0 108.0 139.0 57.0 139.0 other 0
138.0 63.0 200.0 63.0 200.0 139.0 138.0 139.0 other 0
275.0 59.0 324.0 59.0 324.0 129.0 275.0 129.0 other 0
352.0 55.0 422.0 55.0 422.0 125.0 352.0 125.0 other 0
75.0 400.0 126.0 400.0 126.0 461.0 75.0 461.0 A220 0
161.0 400.0 215.0 400.0 215.0 458.0 161.0 458.0 A320/321 0
705.0 659.0 797.0 659.0 797.0 744.0 705.0 744.0 A220 0
412.0 664.0 479.0 664.0 479.0 737.0 412.0 737.0 Boeing787 0
272.0 667.0 338.0 667.0 338.0 747.0 272.0 747.0 A220 0
124.0 668.0 190.0 668.0 190.0 738.0 124.0 738.0 other 0
