585.0 1152.0 681.0 1152.0 681.0 1238.0 585.0 1238.0 Boeing737 0
683.0 1093.0 781.0 1093.0 781.0 1161.0 683.0 1161.0 Boeing737 0
809.0 983.0 902.0 983.0 902.0 1051.0 809.0 1051.0 Boeing737 0
887.0 941.0 961.0 941.0 961.0 1002.0 887.0 1002.0 Boeing737 0
945.0 877.0 1025.0 877.0 1025.0 943.0 945.0 943.0 Boeing737 0
1009.0 823.0 1092.0 823.0 1092.0 905.0 1009.0 905.0 Boeing737 0
1066.0 763.0 1155.0 763.0 1155.0 840.0 1066.0 840.0 Boeing737 0
1119.0 717.0 1221.0 717.0 1221.0 795.0 1119.0 795.0 Boeing737 0
1071.0 235.0 1137.0 235.0 1137.0 296.0 1071.0 296.0 Boeing737 0
271.0 843.0 384.0 843.0 384.0 926.0 271.0 926.0 Boeing737 0
131.0 925.0 269.0 925.0 269.0 1022.0 131.0 1022.0 Boeing737 0
511.0 584.0 608.0 584.0 608.0 679.0 511.0 679.0 A330 0
