43.0 246.0 124.0 246.0 124.0 329.0 43.0 329.0 A320/321 0
132.0 257.0 224.0 257.0 224.0 339.0 132.0 339.0 Boeing737 0
314.0 246.0 378.0 246.0 378.0 325.0 314.0 325.0 Boeing737 0
393.0 244.0 472.0 244.0 472.0 324.0 393.0 324.0 other 0
543.0 237.0 622.0 237.0 622.0 317.0 543.0 317.0 ARJ21 0
56.0 545.0 108.0 545.0 108.0 621.0 56.0 621.0 other 0
139.0 542.0 199.0 542.0 199.0 613.0 139.0 613.0 other 0
222.0 540.0 278.0 540.0 278.0 610.0 222.0 610.0 other 0
360.0 532.0 415.0 532.0 415.0 596.0 360.0 596.0 other 0
434.0 524.0 510.0 524.0 510.0 597.0 434.0 597.0 other 0
61.0 652.0 116.0 652.0 116.0 705.0 61.0 705.0 ARJ21 0
134.0 644.0 206.0 644.0 206.0 726.0 134.0 726.0 Boeing737 0
232.0 645.0 290.0 645.0 290.0 708.0 232.0 708.0 ARJ21 0
356.0 638.0 433.0 638.0 433.0 704.0 356.0 704.0 A220 0
451.0 638.0 513.0 638.0 513.0 699.0 451.0 699.0 ARJ21 0
