434.0 114.0 502.0 114.0 502.0 213.0 434.0 213.0 A220 0
515.0 98.0 600.0 98.0 600.0 210.0 515.0 210.0 other 0
622.0 91.0 704.0 91.0 704.0 168.0 622.0 168.0 A320/321 0
745.0 97.0 840.0 97.0 840.0 170.0 745.0 170.0 A320/321 0
891.0 89.0 980.0 89.0 980.0 153.0 891.0 153.0 A320/321 0
673.0 477.0 746.0 477.0 746.0 562.0 673.0 562.0 Boeing787 0
347.0 757.0 501.0 757.0 501.0 884.0 347.0 884.0 A320/321 0
355.0 921.0 512.0 921.0 512.0 1045.0 355.0 1045.0 A320/321 0
692.0 1143.0 819.0 1143.0 819.0 1260.0 692.0 1260.0 other 0
834.0 1143.0 960.0 1143.0 960.0 1262.0 834.0 1262.0 A320/321 0
814.0 472.0 884.0 472.0 884.0 552.0 814.0 552.0 A320/321 0
