950.0 46.0 1066.0 46.0 1066.0 167.0 950.0 167.0 Boeing737 0
564.0 63.0 650.0 63.0 650.0 144.0 564.0 144.0 A220 0
483.0 87.0 565.0 87.0 565.0 158.0 483.0 158.0 Boeing737 0
467.0 776.0 573.0 776.0 573.0 841.0 467.0 841.0 Boeing737 0
554.0 750.0 649.0 750.0 649.0 818.0 554.0 818.0 A220 0
774.0 747.0 868.0 747.0 868.0 810.0 774.0 810.0 Boeing787 0
1077.0 1119.0 1154.0 1119.0 1154.0 1206.0 1077.0 1206.0 A220 0
1073.0 1040.0 1151.0 1040.0 1151.0 1121.0 1073.0 1121.0 A220 0
254.0 321.0 370.0 321.0 370.0 418.0 254.0 418.0 A320/321 0
279.0 668.0 400.0 668.0 400.0 733.0 279.0 733.0 A220 0
1027.0 726.0 1127.0 726.0 1127.0 852.0 1027.0 852.0 A320/321 0
907.0 749.0 992.0 749.0 992.0 841.0 907.0 841.0 Boeing787 0
636.0 763.0 723.0 763.0 723.0 854.0 636.0 854.0 other 0
1073.0 1211.0 1154.0 1211.0 1154.0 1304.0 1073.0 1304.0 A220 0
659.0 65.0 776.0 65.0 776.0 169.0 659.0 169.0 Boeing787 0
797.0 50.0 897.0 50.0 897.0 159.0 797.0 159.0 other 0
