1073.0 26.0 1151.0 26.0 1151.0 117.0 1073.0 117.0 Boeing737 0
649.0 364.0 718.0 364.0 718.0 443.0 649.0 443.0 Boeing737 0
557.0 366.0 632.0 366.0 632.0 446.0 557.0 446.0 ARJ21 0
189.0 362.0 255.0 362.0 255.0 412.0 189.0 412.0 Boeing737 0
69.0 672.0 129.0 672.0 129.0 739.0 69.0 739.0 other 0
157.0 665.0 208.0 665.0 208.0 739.0 157.0 739.0 other 0
238.0 663.0 300.0 663.0 300.0 739.0 238.0 739.0 other 0
375.0 659.0 424.0 659.0 424.0 729.0 375.0 729.0 other 0
452.0 655.0 522.0 655.0 522.0 725.0 452.0 725.0 other 0
73.0 792.0 127.0 792.0 127.0 848.0 73.0 848.0 ARJ21 0
76.0 996.0 145.0 996.0 145.0 1064.0 76.0 1064.0 ARJ21 0
175.0 1000.0 226.0 1000.0 226.0 1061.0 175.0 1061.0 A220 0
261.0 1000.0 315.0 1000.0 315.0 1058.0 261.0 1058.0 A320/321 0
