515.0 703.0 574.0 703.0 574.0 783.0 515.0 783.0 Boeing787 0
376.0 710.0 442.0 710.0 442.0 806.0 376.0 806.0 A220 0
230.0 710.0 309.0 710.0 309.0 820.0 230.0 820.0 other 0
816.0 695.0 888.0 695.0 888.0 782.0 816.0 782.0 A220 0
85.0 228.0 133.0 228.0 133.0 282.0 85.0 282.0 ARJ21 0
181.0 446.0 227.0 446.0 227.0 505.0 181.0 505.0 A220 0
258.0 442.0 310.0 442.0 310.0 504.0 258.0 504.0 A320/321 0
89.0 443.0 150.0 443.0 150.0 506.0 89.0 506.0 ARJ21 0
78.0 114.0 117.0 114.0 117.0 178.0 78.0 178.0 other 0
155.0 113.0 204.0 113.0 204.0 181.0 155.0 181.0 other 0
248.0 107.0 296.0 107.0 296.0 171.0 248.0 171.0 other 0
376.0 105.0 426.0 105.0 426.0 164.0 376.0 164.0 other 0
465.0 99.0 513.0 99.0 513.0 163.0 465.0 163.0 other 0
