1415.0 853.0 1474.0 853.0 1474.0 933.0 1415.0 933.0 Boeing787 0
1276.0 860.0 1342.0 860.0 1342.0 956.0 1276.0 956.0 A220 0
1130.0 860.0 1209.0 860.0 1209.0 970.0 1130.0 970.0 other 0
985.0 378.0 1033.0 378.0 1033.0 432.0 985.0 432.0 ARJ21 0
1081.0 596.0 1127.0 596.0 1127.0 655.0 1081.0 655.0 A220 0
1158.0 592.0 1210.0 592.0 1210.0 654.0 1158.0 654.0 A320/321 0
989.0 593.0 1050.0 593.0 1050.0 656.0 989.0 656.0 ARJ21 0
978.0 264.0 1017.0 264.0 1017.0 328.0 978.0 328.0 other 0
1055.0 263.0 1104.0 263.0 1104.0 331.0 1055.0 331.0 other 0
1148.0 257.0 1196.0 257.0 1196.0 321.0 1148.0 321.0 other 0
1276.0 255.0 1326.0 255.0 1326.0 314.0 1276.0 314.0 other 0
1365.0 249.0 1413.0 249.0 1413.0 313.0 1365.0 313.0 other 0
