316.0 988.0 387.0 988.0 387.0 1046.0 316.0 1046.0 Boeing737 0
1465.0 479.0 1499.0 479.0 1499.0 574.0 1465.0 574.0 other 0
1368.0 560.0 1461.0 560.0 1461.0 664.0 1368.0 664.0 Boeing787 0
1239.0 657.0 1344.0 657.0 1344.0 770.0 1239.0 770.0 other 0
1013.0 714.0 1139.0 714.0 1139.0 836.0 1013.0 836.0 other 0
1092.0 315.0 1186.0 315.0 1186.0 395.0 1092.0 395.0 Boeing787 0
640.0 1189.0 737.0 1189.0 737.0 1270.0 640.0 1270.0 Boeing737 0
775.0 1105.0 873.0 1105.0 873.0 1191.0 775.0 1191.0 Boeing737 0
876.0 470.0 947.0 470.0 947.0 539.0 876.0 539.0 Boeing737 0
978.0 401.0 1070.0 401.0 1070.0 497.0 978.0 497.0 Boeing787 0
