529.0 108.0 620.0 108.0 620.0 192.0 529.0 192.0 Boeing737 0
720.0 107.0 815.0 107.0 815.0 197.0 720.0 197.0 other 0
293.0 163.0 384.0 163.0 384.0 245.0 293.0 245.0 A220 0
243.0 244.0 340.0 244.0 340.0 320.0 243.0 320.0 A220 0
254.0 485.0 344.0 485.0 344.0 565.0 254.0 565.0 A220 0
260.0 573.0 362.0 573.0 362.0 643.0 260.0 643.0 A220 0
466.0 525.0 534.0 525.0 534.0 617.0 466.0 617.0 Boeing737 0
595.0 782.0 658.0 782.0 658.0 883.0 595.0 883.0 other 0
704.0 760.0 780.0 760.0 780.0 875.0 704.0 875.0 A320/321 0
504.0 796.0 576.0 796.0 576.0 895.0 504.0 895.0 A220 0
845.0 804.0 908.0 804.0 908.0 890.0 845.0 890.0 A320/321 0
