469.0 72.0 529.0 72.0 529.0 139.0 469.0 139.0 other 0
557.0 65.0 608.0 65.0 608.0 139.0 557.0 139.0 other 0
638.0 63.0 700.0 63.0 700.0 139.0 638.0 139.0 other 0
775.0 59.0 824.0 59.0 824.0 129.0 775.0 129.0 other 0
852.0 55.0 922.0 55.0 922.0 125.0 852.0 125.0 other 0
473.0 192.0 527.0 192.0 527.0 248.0 473.0 248.0 ARJ21 0
476.0 396.0 545.0 396.0 545.0 464.0 476.0 464.0 ARJ21 0
575.0 400.0 626.0 400.0 626.0 461.0 575.0 461.0 A220 0
661.0 400.0 715.0 400.0 715.0 458.0 661.0 458.0 A320/321 0
912.0 664.0 979.0 664.0 979.0 737.0 912.0 737.0 Boeing787 0
772.0 667.0 838.0 667.0 838.0 747.0 772.0 747.0 A220 0
624.0 668.0 690.0 668.0 690.0 738.0 624.0 738.0 other 0
