961.0 258.0 1036.0 258.0 1036.0 329.0 961.0 329.0 other 0
1047.0 255.0 1129.0 255.0 1129.0 333.0 1047.0 333.0 other 0
1137.0 255.0 1216.0 255.0 1216.0 330.0 1137.0 330.0 other 0
1351.0 244.0 1431.0 244.0 1431.0 318.0 1351.0 318.0 other 0
1273.0 246.0 1335.0 246.0 1335.0 318.0 1273.0 318.0 other 0
971.0 391.0 1037.0 391.0 1037.0 434.0 971.0 434.0 ARJ21 0
979.0 592.0 1049.0 592.0 1049.0 651.0 979.0 651.0 ARJ21 0
1118.0 861.0 1199.0 861.0 1199.0 961.0 1118.0 961.0 other 0
1268.0 862.0 1348.0 862.0 1348.0 988.0 1268.0 988.0 other 0
1408.0 853.0 1487.0 853.0 1487.0 966.0 1408.0 966.0 Boeing787 0
1084.0 597.0 1134.0 597.0 1134.0 651.0 1084.0 651.0 A220 0
1169.0 594.0 1216.0 594.0 1216.0 649.0 1169.0 649.0 A320/321 0
