150.0 836.0 230.0 836.0 230.0 896.0 150.0 896.0 A220 0
61.0 839.0 140.0 839.0 140.0 899.0 61.0 899.0 other 0
131.0 515.0 221.0 515.0 221.0 593.0 131.0 593.0 other 0
55.0 527.0 138.0 527.0 138.0 597.0 55.0 597.0 other 0
55.0 640.0 129.0 640.0 129.0 702.0 55.0 702.0 A220 0
136.0 637.0 225.0 637.0 225.0 699.0 136.0 699.0 ARJ21 0
9.0 241.0 85.0 241.0 85.0 332.0 9.0 332.0 Boeing737 0
93.0 235.0 170.0 235.0 170.0 328.0 93.0 328.0 other 0
406.0 586.0 519.0 586.0 519.0 659.0 406.0 659.0 other 0
413.0 668.0 525.0 668.0 525.0 742.0 413.0 742.0 other 0
414.0 513.0 508.0 513.0 508.0 577.0 414.0 577.0 other 0
240.0 240.0 328.0 240.0 328.0 324.0 240.0 324.0 ARJ21 0
780.0 121.0 903.0 121.0 903.0 213.0 780.0 213.0 other 0
411.0 835.0 497.0 835.0 497.0 916.0 411.0 916.0 other 0
