261.0 52.0 316.0 52.0 316.0 105.0 261.0 105.0 ARJ21 0
334.0 44.0 406.0 44.0 406.0 126.0 334.0 126.0 Boeing737 0
432.0 45.0 490.0 45.0 490.0 108.0 432.0 108.0 ARJ21 0
556.0 38.0 633.0 38.0 633.0 104.0 556.0 104.0 A220 0
651.0 38.0 713.0 38.0 713.0 99.0 651.0 99.0 ARJ21 0
262.0 264.0 334.0 264.0 334.0 344.0 262.0 344.0 ARJ21 0
351.0 267.0 413.0 267.0 413.0 337.0 351.0 337.0 A220 0
440.0 261.0 498.0 261.0 498.0 333.0 440.0 333.0 A320/321 0
564.0 242.0 643.0 242.0 643.0 317.0 564.0 317.0 other 0
648.0 235.0 728.0 235.0 728.0 307.0 648.0 307.0 A220 0
407.0 540.0 508.0 540.0 508.0 656.0 407.0 656.0 other 0
545.0 544.0 659.0 544.0 659.0 644.0 545.0 644.0 A220 0
691.0 538.0 781.0 538.0 781.0 645.0 691.0 645.0 Boeing787 0
853.0 563.0 935.0 563.0 935.0 639.0 853.0 639.0 Boeing787 0
987.0 532.0 1082.0 532.0 1082.0 623.0 987.0 623.0 A220 0
