543.0 639.0 654.0 639.0 654.0 725.0 543.0 725.0 A220 0
342.0 369.0 422.0 369.0 422.0 424.0 342.0 424.0 A220 0
433.0 366.0 501.0 366.0 501.0 424.0 433.0 424.0 A320/321 0
650.0 336.0 730.0 336.0 730.0 396.0 650.0 396.0 A220 0
561.0 339.0 640.0 339.0 640.0 399.0 561.0 399.0 other 0
631.0 15.0 721.0 15.0 721.0 93.0 631.0 93.0 other 0
555.0 27.0 638.0 27.0 638.0 97.0 555.0 97.0 other 0
555.0 140.0 629.0 140.0 629.0 202.0 555.0 202.0 A220 0
422.0 143.0 504.0 143.0 504.0 207.0 422.0 207.0 ARJ21 0
252.0 152.0 321.0 152.0 321.0 209.0 252.0 209.0 ARJ21 0
636.0 137.0 725.0 137.0 725.0 199.0 636.0 199.0 ARJ21 0
849.0 653.0 949.0 653.0 949.0 717.0 849.0 717.0 Boeing787 0
330.0 142.0 411.0 142.0 411.0 227.0 330.0 227.0 Boeing737 0
684.0 639.0 771.0 639.0 771.0 739.0 684.0 739.0 Boeing787 0
409.0 643.0 492.0 643.0 492.0 730.0 409.0 730.0 other 0
336.0 45.0 404.0 45.0 404.0 97.0 336.0 97.0 other 0
244.0 47.0 312.0 47.0 312.0 111.0 244.0 111.0 other 0
416.0 41.0 483.0 41.0 483.0 107.0 416.0 107.0 other 0
253.0 370.0 335.0 370.0 335.0 438.0 253.0 438.0 ARJ21 0
911.0 335.0 997.0 335.0 997.0 416.0 911.0 416.0 other 0
