685.0 828.0 733.0 828.0 733.0 882.0 685.0 882.0 ARJ21 0
781.0 1046.0 827.0 1046.0 827.0 1105.0 781.0 1105.0 A220 0
858.0 1042.0 910.0 1042.0 910.0 1104.0 858.0 1104.0 A320/321 0
689.0 1043.0 750.0 1043.0 750.0 1106.0 689.0 1106.0 ARJ21 0
678.0 714.0 717.0 714.0 717.0 778.0 678.0 778.0 other 0
755.0 713.0 804.0 713.0 804.0 781.0 755.0 781.0 other 0
848.0 707.0 896.0 707.0 896.0 771.0 848.0 771.0 other 0
976.0 705.0 1026.0 705.0 1026.0 764.0 976.0 764.0 other 0
1065.0 699.0 1113.0 699.0 1113.0 763.0 1065.0 763.0 other 0
1158.0 409.0 1199.0 409.0 1199.0 486.0 1158.0 486.0 ARJ21 0
