1381.0 1265.0 1471.0 1265.0 1471.0 1343.0 1381.0 1343.0 other 0
1305.0 1289.0 1374.0 1289.0 1374.0 1347.0 1305.0 1347.0 other 0
1305.0 1390.0 1379.0 1390.0 1379.0 1452.0 1305.0 1452.0 A220 0
1172.0 1393.0 1254.0 1393.0 1254.0 1457.0 1172.0 1457.0 ARJ21 0
1002.0 1402.0 1071.0 1402.0 1071.0 1459.0 1002.0 1459.0 ARJ21 0
1386.0 1387.0 1475.0 1387.0 1475.0 1449.0 1386.0 1449.0 ARJ21 0
1259.0 991.0 1335.0 991.0 1335.0 1082.0 1259.0 1082.0 Boeing737 0
1343.0 985.0 1420.0 985.0 1420.0 1078.0 1343.0 1078.0 other 0
1078.0 1002.0 1181.0 1002.0 1181.0 1091.0 1078.0 1091.0 Boeing737 0
994.0 1002.0 1073.0 1002.0 1073.0 1085.0 994.0 1085.0 A320/321 0
847.0 254.0 898.0 254.0 898.0 291.0 847.0 291.0 ARJ21 0
833.0 199.0 890.0 199.0 890.0 236.0 833.0 236.0 ARJ21 0
835.0 309.0 895.0 309.0 895.0 349.0 835.0 349.0 other 0
841.0 364.0 904.0 364.0 904.0 402.0 841.0 402.0 other 0
832.0 142.0 886.0 142.0 886.0 180.0 832.0 180.0 other 0
1080.0 1392.0 1161.0 1392.0 1161.0 1477.0 1080.0 1477.0 Boeing737 0
1086.0 1295.0 1154.0 1295.0 1154.0 1347.0 1086.0 1347.0 other 0
994.0 1297.0 1062.0 1297.0 1062.0 1361.0 994.0 1361.0 other 0
1166.0 1291.0 1233.0 1291.0 1233.0 1357.0 1166.0 1357.0 other 0
