737.0 76.0 792.0 76.0 792.0 140.0 737.0 140.0 ARJ21 0
510.0 1.0 576.0 1.0 576.0 51.0 510.0 51.0 other 0
426.0 1.0 488.0 1.0 488.0 58.0 426.0 58.0 other 0
336.0 1.0 403.0 1.0 403.0 56.0 336.0 56.0 other 0
340.0 108.0 400.0 108.0 400.0 160.0 340.0 160.0 ARJ21 0
743.0 287.0 813.0 287.0 813.0 358.0 743.0 358.0 A220 0
347.0 309.0 425.0 309.0 425.0 380.0 347.0 380.0 ARJ21 0
913.0 552.0 1007.0 552.0 1007.0 611.0 913.0 611.0 Boeing787 0
636.0 282.0 734.0 282.0 734.0 376.0 636.0 376.0 other 0
460.0 586.0 614.0 586.0 614.0 679.0 460.0 679.0 other 0
