986.0 568.0 1041.0 568.0 1041.0 623.0 986.0 623.0 A220 0
985.0 463.0 1030.0 463.0 1030.0 518.0 985.0 518.0 A220 0
961.0 230.0 1021.0 230.0 1021.0 264.0 961.0 264.0 A220 0
968.0 278.0 1025.0 278.0 1025.0 304.0 968.0 304.0 other 0
995.0 300.0 1032.0 300.0 1032.0 340.0 995.0 340.0 A220 0
1000.0 918.0 1052.0 918.0 1052.0 975.0 1000.0 975.0 A220 0
1011.0 1019.0 1057.0 1019.0 1057.0 1073.0 1011.0 1073.0 A220 0
1033.0 1069.0 1099.0 1069.0 1099.0 1103.0 1033.0 1103.0 other 0
1311.0 851.0 1425.0 851.0 1425.0 935.0 1311.0 935.0 other 0
1314.0 591.0 1398.0 591.0 1398.0 687.0 1314.0 687.0 other 0
