915.0 603.0 974.0 603.0 974.0 683.0 915.0 683.0 Boeing787 0
776.0 610.0 842.0 610.0 842.0 706.0 776.0 706.0 A220 0
630.0 610.0 709.0 610.0 709.0 720.0 630.0 720.0 other 0
485.0 128.0 533.0 128.0 533.0 182.0 485.0 182.0 ARJ21 0
581.0 346.0 627.0 346.0 627.0 405.0 581.0 405.0 A220 0
658.0 342.0 710.0 342.0 710.0 404.0 658.0 404.0 A320/321 0
489.0 343.0 550.0 343.0 550.0 406.0 489.0 406.0 ARJ21 0
478.0 14.0 517.0 14.0 517.0 78.0 478.0 78.0 other 0
555.0 13.0 604.0 13.0 604.0 81.0 555.0 81.0 other 0
648.0 7.0 696.0 7.0 696.0 71.0 648.0 71.0 other 0
776.0 5.0 826.0 5.0 826.0 64.0 776.0 64.0 other 0
