1109.0 841.0 1185.0 841.0 1185.0 932.0 1109.0 932.0 Boeing737 0
928.0 851.0 1031.0 851.0 1031.0 941.0 928.0 941.0 Boeing737 0
844.0 851.0 923.0 851.0 923.0 934.0 844.0 934.0 A320/321 0
697.0 104.0 748.0 104.0 748.0 141.0 697.0 141.0 ARJ21 0
683.0 49.0 740.0 49.0 740.0 86.0 683.0 86.0 ARJ21 0
685.0 159.0 745.0 159.0 745.0 199.0 685.0 199.0 other 0
691.0 214.0 754.0 214.0 754.0 252.0 691.0 252.0 other 0
936.0 1145.0 1004.0 1145.0 1004.0 1197.0 936.0 1197.0 other 0
844.0 1147.0 912.0 1147.0 912.0 1199.0 844.0 1199.0 other 0
1016.0 1141.0 1083.0 1141.0 1083.0 1199.0 1016.0 1199.0 other 0
