284.0 281.0 438.0 281.0 438.0 389.0 284.0 389.0 other 0
128.0 319.0 283.0 319.0 283.0 416.0 128.0 416.0 A320/321 0
550.0 696.0 666.0 696.0 666.0 799.0 550.0 799.0 Boeing737 0
163.0 713.0 250.0 713.0 250.0 794.0 163.0 794.0 A220 0
83.0 737.0 165.0 737.0 165.0 799.0 83.0 799.0 Boeing737 0
259.0 715.0 376.0 715.0 376.0 799.0 259.0 799.0 Boeing787 0
397.0 700.0 497.0 700.0 497.0 799.0 397.0 799.0 other 0
674.0 383.0 729.0 383.0 729.0 430.0 674.0 430.0 A220 0
440.0 298.0 567.0 298.0 567.0 395.0 440.0 395.0 A320/321 0
581.0 303.0 683.0 303.0 683.0 409.0 581.0 409.0 A220 0
