574.0 1019.0 728.0 1019.0 728.0 1150.0 574.0 1150.0 other 0
676.0 927.0 817.0 927.0 817.0 1051.0 676.0 1051.0 other 0
844.0 850.0 928.0 850.0 928.0 927.0 844.0 927.0 Boeing737 0
927.0 779.0 1017.0 779.0 1017.0 866.0 927.0 866.0 Boeing737 0
1335.0 402.0 1431.0 402.0 1431.0 488.0 1335.0 488.0 Boeing737 0
1433.0 343.0 1499.0 343.0 1499.0 411.0 1433.0 411.0 Boeing737 0
1021.0 93.0 1134.0 93.0 1134.0 176.0 1021.0 176.0 Boeing737 0
881.0 175.0 1019.0 175.0 1019.0 272.0 881.0 272.0 Boeing737 0
540.0 484.0 662.0 484.0 662.0 585.0 540.0 585.0 Boeing737 0
419.0 580.0 570.0 580.0 570.0 699.0 419.0 699.0 other 0
