942.0 869.0 1022.0 869.0 1022.0 924.0 942.0 924.0 A220 0
1033.0 866.0 1101.0 866.0 1101.0 924.0 1033.0 924.0 A320/321 0
1022.0 643.0 1104.0 643.0 1104.0 707.0 1022.0 707.0 ARJ21 0
852.0 652.0 921.0 652.0 921.0 709.0 852.0 709.0 ARJ21 0
1109.0 241.0 1185.0 241.0 1185.0 332.0 1109.0 332.0 Boeing737 0
928.0 252.0 1031.0 252.0 1031.0 341.0 928.0 341.0 Boeing737 0
844.0 252.0 923.0 252.0 923.0 335.0 844.0 335.0 A320/321 0
930.0 642.0 1011.0 642.0 1011.0 727.0 930.0 727.0 Boeing737 0
1009.0 1143.0 1092.0 1143.0 1092.0 1199.0 1009.0 1199.0 other 0
936.0 545.0 1004.0 545.0 1004.0 597.0 936.0 597.0 other 0
844.0 547.0 912.0 547.0 912.0 611.0 844.0 611.0 other 0
1016.0 541.0 1083.0 541.0 1083.0 607.0 1016.0 607.0 other 0
853.0 870.0 935.0 870.0 935.0 938.0 853.0 938.0 ARJ21 0
