543.0 539.0 654.0 539.0 654.0 625.0 543.0 625.0 A220 0
342.0 269.0 422.0 269.0 422.0 324.0 342.0 324.0 A220 0
433.0 266.0 501.0 266.0 501.0 324.0 433.0 324.0 A320/321 0
650.0 236.0 730.0 236.0 730.0 296.0 650.0 296.0 A220 0
561.0 239.0 640.0 239.0 640.0 299.0 561.0 299.0 other 0
555.0 40.0 629.0 40.0 629.0 102.0 555.0 102.0 A220 0
422.0 43.0 504.0 43.0 504.0 107.0 422.0 107.0 ARJ21 0
252.0 52.0 321.0 52.0 321.0 109.0 252.0 109.0 ARJ21 0
636.0 37.0 725.0 37.0 725.0 99.0 636.0 99.0 ARJ21 0
849.0 553.0 949.0 553.0 949.0 617.0 849.0 617.0 other 0
906.0 1.0 1019.0 1.0 1019.0 59.0 906.0 59.0 other 0
913.0 68.0 1025.0 68.0 1025.0 142.0 913.0 142.0 other 0
330.0 42.0 411.0 42.0 411.0 127.0 330.0 127.0 Boeing737 0
684.0 539.0 771.0 539.0 771.0 639.0 684.0 639.0 Boeing787 0
409.0 543.0 492.0 543.0 492.0 630.0 409.0 630.0 other 0
986.0 537.0 1079.0 537.0 1079.0 597.0 986.0 597.0 A220 0
253.0 270.0 335.0 270.0 335.0 338.0 253.0 338.0 ARJ21 0
911.0 235.0 997.0 235.0 997.0 316.0 911.0 316.0 other 0
