543.0 389.0 654.0 389.0 654.0 475.0 543.0 475.0 A220 0
342.0 119.0 422.0 119.0 422.0 174.0 342.0 174.0 A220 0
433.0 116.0 501.0 116.0 501.0 174.0 433.0 174.0 A320/321 0
650.0 86.0 730.0 86.0 730.0 146.0 650.0 146.0 A220 0
561.0 89.0 640.0 89.0 640.0 149.0 561.0 149.0 other 0
849.0 403.0 949.0 403.0 949.0 467.0 849.0 467.0 Boeing787 0
684.0 389.0 771.0 389.0 771.0 489.0 684.0 489.0 Boeing787 0
409.0 393.0 492.0 393.0 492.0 480.0 409.0 480.0 other 0
986.0 387.0 1079.0 387.0 1079.0 447.0 986.0 447.0 A220 0
253.0 120.0 335.0 120.0 335.0 188.0 253.0 188.0 ARJ21 0
911.0 85.0 997.0 85.0 997.0 166.0 911.0 166.0 other 0
