329.0 40.0 451.0 40.0 451.0 125.0 329.0 125.0 A320/321 0
87.0 38.0 199.0 38.0 199.0 111.0 87.0 111.0 other 0
200.0 28.0 300.0 28.0 300.0 110.0 200.0 110.0 A320/321 0
16.0 55.0 109.0 55.0 109.0 130.0 16.0 130.0 A220 0
121.0 450.0 203.0 450.0 203.0 535.0 121.0 535.0 other 0
496.0 36.0 583.0 36.0 583.0 96.0 496.0 96.0 A320/321 0
586.0 186.0 661.0 186.0 661.0 249.0 586.0 249.0 A220 0
585.0 108.0 649.0 108.0 649.0 176.0 585.0 176.0 A220 0
565.0 350.0 658.0 350.0 658.0 429.0 565.0 429.0 A320/321 0
400.0 408.0 490.0 408.0 490.0 507.0 400.0 507.0 A320/321 0
270.0 413.0 352.0 413.0 352.0 519.0 270.0 519.0 Boeing787 0
513.0 412.0 598.0 412.0 598.0 474.0 513.0 474.0 Boeing737 0
