927.0 1164.0 997.0 1164.0 997.0 1199.0 927.0 1199.0 Boeing787 0
332.0 584.0 411.0 584.0 411.0 652.0 332.0 652.0 other 0
347.0 919.0 412.0 919.0 412.0 980.0 347.0 980.0 ARJ21 0
750.0 891.0 823.0 891.0 823.0 963.0 750.0 963.0 A220 0
510.0 579.0 577.0 579.0 577.0 647.0 510.0 647.0 other 0
648.0 577.0 704.0 577.0 704.0 642.0 648.0 642.0 other 0
736.0 670.0 801.0 670.0 801.0 738.0 736.0 738.0 ARJ21 0
741.0 274.0 832.0 274.0 832.0 356.0 741.0 356.0 ARJ21 0
678.0 286.0 743.0 286.0 743.0 369.0 678.0 369.0 other 0
596.0 283.0 672.0 283.0 672.0 370.0 596.0 370.0 Boeing737 0
426.0 594.0 496.0 594.0 496.0 657.0 426.0 657.0 other 0
338.0 703.0 406.0 703.0 406.0 757.0 338.0 757.0 ARJ21 0
716.0 565.0 805.0 565.0 805.0 650.0 716.0 650.0 other 0
632.0 868.0 739.0 868.0 739.0 981.0 632.0 981.0 other 0
