661.0 708.0 736.0 708.0 736.0 779.0 661.0 779.0 other 0
747.0 705.0 829.0 705.0 829.0 783.0 747.0 783.0 other 0
837.0 705.0 916.0 705.0 916.0 780.0 837.0 780.0 other 0
1051.0 694.0 1131.0 694.0 1131.0 768.0 1051.0 768.0 other 0
973.0 696.0 1035.0 696.0 1035.0 768.0 973.0 768.0 other 0
671.0 841.0 737.0 841.0 737.0 884.0 671.0 884.0 ARJ21 0
679.0 1042.0 749.0 1042.0 749.0 1101.0 679.0 1101.0 ARJ21 0
1157.0 407.0 1199.0 407.0 1199.0 493.0 1157.0 493.0 ARJ21 0
784.0 1047.0 834.0 1047.0 834.0 1101.0 784.0 1101.0 A220 0
869.0 1044.0 916.0 1044.0 916.0 1099.0 869.0 1099.0 A320/321 0
