219.0 72.0 279.0 72.0 279.0 139.0 219.0 139.0 other 0
307.0 65.0 358.0 65.0 358.0 139.0 307.0 139.0 other 0
388.0 63.0 450.0 63.0 450.0 139.0 388.0 139.0 other 0
525.0 59.0 574.0 59.0 574.0 129.0 525.0 129.0 other 0
602.0 55.0 672.0 55.0 672.0 125.0 602.0 125.0 other 0
223.0 192.0 277.0 192.0 277.0 248.0 223.0 248.0 ARJ21 0
226.0 396.0 295.0 396.0 295.0 464.0 226.0 464.0 ARJ21 0
325.0 400.0 376.0 400.0 376.0 461.0 325.0 461.0 A220 0
411.0 400.0 465.0 400.0 465.0 458.0 411.0 458.0 A320/321 0
955.0 659.0 1047.0 659.0 1047.0 744.0 955.0 744.0 A220 0
662.0 664.0 729.0 664.0 729.0 737.0 662.0 737.0 Boeing787 0
522.0 667.0 588.0 667.0 588.0 747.0 522.0 747.0 A220 0
374.0 668.0 440.0 668.0 440.0 738.0 374.0 738.0 other 0
