347.0 498.0 403.0 498.0 403.0 544.0 347.0 544.0 ARJ21 0
338.0 371.0 385.0 371.0 385.0 449.0 338.0 449.0 other 0
352.0 698.0 406.0 698.0 406.0 773.0 352.0 773.0 ARJ21 0
639.0 667.0 736.0 667.0 736.0 768.0 639.0 768.0 other 0
592.0 76.0 680.0 76.0 680.0 162.0 592.0 162.0 Boeing737 0
689.0 72.0 755.0 72.0 755.0 155.0 689.0 155.0 other 0
757.0 63.0 799.0 63.0 799.0 145.0 757.0 145.0 ARJ21 0
718.0 344.0 795.0 344.0 795.0 450.0 718.0 450.0 other 0
740.0 465.0 793.0 465.0 793.0 536.0 740.0 536.0 ARJ21 0
647.0 374.0 695.0 374.0 695.0 440.0 647.0 440.0 other 0
517.0 378.0 565.0 378.0 565.0 447.0 517.0 447.0 other 0
415.0 387.0 492.0 387.0 492.0 457.0 415.0 457.0 other 0
