772.0 603.0 841.0 603.0 841.0 661.0 772.0 661.0 other 0
775.0 471.0 855.0 471.0 855.0 544.0 775.0 544.0 other 0
783.0 811.0 870.0 811.0 870.0 874.0 783.0 874.0 A320/321 0
784.0 698.0 861.0 698.0 861.0 758.0 784.0 758.0 other 0
868.0 1232.0 918.0 1232.0 918.0 1295.0 868.0 1295.0 ARJ21 0
934.0 1233.0 994.0 1233.0 994.0 1295.0 934.0 1295.0 other 0
752.0 26.0 827.0 26.0 827.0 85.0 752.0 85.0 A320/321 0
755.0 105.0 835.0 105.0 835.0 167.0 755.0 167.0 A320/321 0
766.0 220.0 842.0 220.0 842.0 288.0 766.0 288.0 A220 0
773.0 346.0 853.0 346.0 853.0 418.0 773.0 418.0 A220 0
779.0 942.0 878.0 942.0 878.0 1018.0 779.0 1018.0 A220 0
803.0 1033.0 885.0 1033.0 885.0 1100.0 803.0 1100.0 other 0
