1115.0 703.0 1174.0 703.0 1174.0 783.0 1115.0 783.0 Boeing787 0
976.0 710.0 1042.0 710.0 1042.0 806.0 976.0 806.0 A220 0
830.0 710.0 909.0 710.0 909.0 820.0 830.0 820.0 other 0
685.0 228.0 733.0 228.0 733.0 282.0 685.0 282.0 ARJ21 0
781.0 446.0 827.0 446.0 827.0 505.0 781.0 505.0 A220 0
858.0 442.0 910.0 442.0 910.0 504.0 858.0 504.0 A320/321 0
689.0 443.0 750.0 443.0 750.0 506.0 689.0 506.0 ARJ21 0
678.0 114.0 717.0 114.0 717.0 178.0 678.0 178.0 other 0
755.0 113.0 804.0 113.0 804.0 181.0 755.0 181.0 other 0
848.0 107.0 896.0 107.0 896.0 171.0 848.0 171.0 other 0
976.0 105.0 1026.0 105.0 1026.0 164.0 976.0 164.0 other 0
1065.0 99.0 1113.0 99.0 1113.0 163.0 1065.0 163.0 other 0
