969.0 72.0 1029.0 72.0 1029.0 139.0 969.0 139.0 other 0
1057.0 65.0 1108.0 65.0 1108.0 139.0 1057.0 139.0 other 0
1138.0 63.0 1200.0 63.0 1200.0 139.0 1138.0 139.0 other 0
1275.0 59.0 1324.0 59.0 1324.0 129.0 1275.0 129.0 other 0
1352.0 55.0 1422.0 55.0 1422.0 125.0 1352.0 125.0 other 0
973.0 192.0 1027.0 192.0 1027.0 248.0 973.0 248.0 ARJ21 0
976.0 396.0 1045.0 396.0 1045.0 464.0 976.0 464.0 ARJ21 0
1075.0 400.0 1126.0 400.0 1126.0 461.0 1075.0 461.0 A220 0
1161.0 400.0 1215.0 400.0 1215.0 458.0 1161.0 458.0 A320/321 0
1412.0 664.0 1479.0 664.0 1479.0 737.0 1412.0 737.0 Boeing787 0
1272.0 667.0 1338.0 667.0 1338.0 747.0 1272.0 747.0 A220 0
1124.0 668.0 1190.0 668.0 1190.0 738.0 1124.0 738.0 other 0
