868.0 332.0 918.0 332.0 918.0 395.0 868.0 395.0 ARJ21 0
934.0 333.0 994.0 333.0 994.0 395.0 934.0 395.0 other 0
368.0 1049.0 452.0 1049.0 452.0 1137.0 368.0 1137.0 other 0
779.0 42.0 878.0 42.0 878.0 118.0 779.0 118.0 A220 0
803.0 133.0 885.0 133.0 885.0 201.0 803.0 201.0 other 0
906.0 726.0 986.0 726.0 986.0 837.0 906.0 837.0 Boeing737 0
768.0 741.0 871.0 741.0 871.0 840.0 768.0 840.0 Boeing737 0
645.0 751.0 728.0 751.0 728.0 841.0 645.0 841.0 other 0
454.0 768.0 536.0 768.0 536.0 871.0 454.0 871.0 Boeing737 0
360.0 776.0 446.0 776.0 446.0 867.0 360.0 867.0 Boeing737 0
212.0 839.0 279.0 839.0 279.0 900.0 212.0 900.0 A220 0
157.0 991.0 245.0 991.0 245.0 1052.0 157.0 1052.0 A220 0
