966.0 1295.0 1076.0 1295.0 1076.0 1388.0 966.0 1388.0 other 0
1078.0 1315.0 1143.0 1315.0 1143.0 1376.0 1078.0 1376.0 A220 0
746.0 992.0 826.0 992.0 826.0 1075.0 746.0 1075.0 other 0
955.0 979.0 1054.0 979.0 1054.0 1064.0 955.0 1064.0 other 0
843.0 995.0 929.0 995.0 929.0 1068.0 843.0 1068.0 other 0
1239.0 681.0 1330.0 681.0 1330.0 776.0 1239.0 776.0 Boeing737 0
1159.0 692.0 1225.0 692.0 1225.0 779.0 1159.0 779.0 ARJ21 0
929.0 696.0 1012.0 696.0 1012.0 791.0 929.0 791.0 other 0
847.0 702.0 926.0 702.0 926.0 793.0 847.0 793.0 Boeing737 0
757.0 706.0 841.0 706.0 841.0 796.0 757.0 796.0 Boeing737 0
682.0 702.0 754.0 702.0 754.0 794.0 682.0 794.0 A320/321 0
