743.0 246.0 824.0 246.0 824.0 329.0 743.0 329.0 A320/321 0
832.0 257.0 924.0 257.0 924.0 339.0 832.0 339.0 Boeing737 0
756.0 545.0 808.0 545.0 808.0 621.0 756.0 621.0 other 0
839.0 542.0 899.0 542.0 899.0 613.0 839.0 613.0 other 0
922.0 540.0 978.0 540.0 978.0 610.0 922.0 610.0 other 0
761.0 652.0 816.0 652.0 816.0 705.0 761.0 705.0 ARJ21 0
834.0 644.0 906.0 644.0 906.0 726.0 834.0 726.0 Boeing737 0
932.0 645.0 990.0 645.0 990.0 708.0 932.0 708.0 ARJ21 0
762.0 864.0 834.0 864.0 834.0 944.0 762.0 944.0 ARJ21 0
851.0 867.0 913.0 867.0 913.0 937.0 851.0 937.0 A220 0
940.0 861.0 998.0 861.0 998.0 933.0 940.0 933.0 A320/321 0
