842.0 869.0 922.0 869.0 922.0 924.0 842.0 924.0 A220 0
933.0 866.0 999.0 866.0 999.0 924.0 933.0 924.0 A320/321 0
752.0 652.0 821.0 652.0 821.0 709.0 752.0 709.0 ARJ21 0
828.0 251.0 931.0 251.0 931.0 341.0 828.0 341.0 Boeing737 0
744.0 251.0 823.0 251.0 823.0 334.0 744.0 334.0 A320/321 0
830.0 642.0 911.0 642.0 911.0 727.0 830.0 727.0 Boeing737 0
836.0 545.0 904.0 545.0 904.0 597.0 836.0 597.0 other 0
744.0 547.0 812.0 547.0 812.0 611.0 744.0 611.0 other 0
916.0 541.0 983.0 541.0 983.0 607.0 916.0 607.0 other 0
753.0 870.0 835.0 870.0 835.0 938.0 753.0 938.0 ARJ21 0
