84.0 681.0 238.0 681.0 238.0 789.0 84.0 789.0 other 0
350.0 1096.0 466.0 1096.0 466.0 1199.0 350.0 1199.0 Boeing737 0
1.0 1113.0 50.0 1113.0 50.0 1194.0 1.0 1194.0 A220 0
200.0 8.0 290.0 8.0 290.0 107.0 200.0 107.0 A320/321 0
70.0 13.0 152.0 13.0 152.0 119.0 70.0 119.0 Boeing787 0
313.0 12.0 398.0 12.0 398.0 74.0 313.0 74.0 Boeing737 0
379.0 701.0 459.0 701.0 459.0 811.0 379.0 811.0 A220 0
59.0 1115.0 176.0 1115.0 176.0 1199.0 59.0 1199.0 Boeing787 0
197.0 1100.0 297.0 1100.0 297.0 1199.0 197.0 1199.0 other 0
474.0 783.0 529.0 783.0 529.0 830.0 474.0 830.0 A220 0
240.0 698.0 367.0 698.0 367.0 795.0 240.0 795.0 A320/321 0
