251.0 77.0 323.0 77.0 323.0 154.0 251.0 154.0 ARJ21 0
185.0 88.0 256.0 88.0 256.0 167.0 185.0 167.0 other 0
88.0 87.0 177.0 87.0 177.0 168.0 88.0 168.0 Boeing737 0
237.0 476.0 292.0 476.0 292.0 540.0 237.0 540.0 ARJ21 0
224.0 357.0 296.0 357.0 296.0 449.0 224.0 449.0 other 0
10.0 374.0 76.0 374.0 76.0 451.0 10.0 451.0 other 0
243.0 687.0 313.0 687.0 313.0 758.0 243.0 758.0 A220 0
413.0 952.0 507.0 952.0 507.0 999.0 413.0 999.0 Boeing787 0
149.0 372.0 209.0 372.0 209.0 435.0 149.0 435.0 other 0
136.0 682.0 234.0 682.0 234.0 776.0 136.0 776.0 other 0
