993.0 246.0 1074.0 246.0 1074.0 329.0 993.0 329.0 A320/321 0
1082.0 257.0 1174.0 257.0 1174.0 339.0 1082.0 339.0 Boeing737 0
1264.0 246.0 1328.0 246.0 1328.0 325.0 1264.0 325.0 Boeing737 0
1343.0 244.0 1422.0 244.0 1422.0 324.0 1343.0 324.0 other 0
1006.0 545.0 1058.0 545.0 1058.0 621.0 1006.0 621.0 other 0
1089.0 542.0 1149.0 542.0 1149.0 613.0 1089.0 613.0 other 0
1172.0 540.0 1228.0 540.0 1228.0 610.0 1172.0 610.0 other 0
1310.0 532.0 1365.0 532.0 1365.0 596.0 1310.0 596.0 other 0
1384.0 524.0 1460.0 524.0 1460.0 597.0 1384.0 597.0 other 0
1011.0 652.0 1066.0 652.0 1066.0 705.0 1011.0 705.0 ARJ21 0
1084.0 644.0 1156.0 644.0 1156.0 726.0 1084.0 726.0 Boeing737 0
1182.0 645.0 1240.0 645.0 1240.0 708.0 1182.0 708.0 ARJ21 0
1306.0 638.0 1383.0 638.0 1383.0 704.0 1306.0 704.0 A220 0
1401.0 638.0 1463.0 638.0 1463.0 699.0 1401.0 699.0 ARJ21 0
1012.0 864.0 1084.0 864.0 1084.0 944.0 1012.0 944.0 ARJ21 0
1101.0 867.0 1163.0 867.0 1163.0 937.0 1101.0 937.0 A220 0
1190.0 861.0 1248.0 861.0 1248.0 933.0 1190.0 933.0 A320/321 0
1314.0 842.0 1393.0 842.0 1393.0 917.0 1314.0 917.0 other 0
1398.0 835.0 1478.0 835.0 1478.0 907.0 1398.0 907.0 A220 0
1157.0 1140.0 1258.0 1140.0 1258.0 1256.0 1157.0 1256.0 other 0
1295.0 1144.0 1409.0 1144.0 1409.0 1244.0 1295.0 1244.0 A220 0
