684.0 381.0 838.0 381.0 838.0 489.0 684.0 489.0 other 0
528.0 419.0 683.0 419.0 683.0 516.0 528.0 516.0 A320/321 0
950.0 796.0 1066.0 796.0 1066.0 917.0 950.0 917.0 Boeing737 0
563.0 813.0 650.0 813.0 650.0 894.0 563.0 894.0 A220 0
483.0 837.0 565.0 837.0 565.0 908.0 483.0 908.0 Boeing737 0
354.0 161.0 554.0 161.0 554.0 311.0 354.0 311.0 A320/321 0
254.0 1071.0 370.0 1071.0 370.0 1168.0 254.0 1168.0 A320/321 0
279.0 1418.0 400.0 1418.0 400.0 1483.0 279.0 1483.0 A220 0
659.0 815.0 776.0 815.0 776.0 919.0 659.0 919.0 Boeing787 0
797.0 800.0 897.0 800.0 897.0 909.0 797.0 909.0 other 0
1074.0 483.0 1129.0 483.0 1129.0 530.0 1074.0 530.0 A220 0
840.0 398.0 967.0 398.0 967.0 495.0 840.0 495.0 A320/321 0
981.0 403.0 1083.0 403.0 1083.0 509.0 981.0 509.0 A220 0
