433.0 33.0 563.0 33.0 563.0 123.0 433.0 123.0 Boeing737 0
585.0 289.0 681.0 289.0 681.0 388.0 585.0 388.0 other 0
485.0 306.0 583.0 306.0 583.0 402.0 485.0 402.0 A220 0
966.0 284.0 1078.0 284.0 1078.0 380.0 966.0 380.0 A320/321 0
690.0 266.0 792.0 266.0 792.0 375.0 690.0 375.0 A320/321 0
863.0 665.0 980.0 665.0 980.0 780.0 863.0 780.0 A320/321 0
263.0 76.0 357.0 76.0 357.0 151.0 263.0 151.0 A220 0
826.0 315.0 917.0 315.0 917.0 397.0 826.0 397.0 A320/321 0
1009.0 662.0 1119.0 662.0 1119.0 725.0 1009.0 725.0 Boeing737 0
1058.0 616.0 1162.0 616.0 1162.0 677.0 1058.0 677.0 A320/321 0
