76.0 927.0 217.0 927.0 217.0 1051.0 76.0 1051.0 other 0
244.0 850.0 328.0 850.0 328.0 927.0 244.0 927.0 Boeing737 0
327.0 779.0 417.0 779.0 417.0 866.0 327.0 866.0 Boeing737 0
735.0 402.0 831.0 402.0 831.0 488.0 735.0 488.0 Boeing737 0
833.0 343.0 931.0 343.0 931.0 411.0 833.0 411.0 Boeing737 0
959.0 233.0 1052.0 233.0 1052.0 301.0 959.0 301.0 Boeing737 0
1037.0 191.0 1111.0 191.0 1111.0 252.0 1037.0 252.0 Boeing737 0
1095.0 127.0 1175.0 127.0 1175.0 193.0 1095.0 193.0 Boeing737 0
1159.0 73.0 1199.0 73.0 1199.0 155.0 1159.0 155.0 Boeing737 0
421.0 93.0 534.0 93.0 534.0 176.0 421.0 176.0 Boeing737 0
281.0 175.0 419.0 175.0 419.0 272.0 281.0 272.0 Boeing737 0
