1385.0 695.0 1456.0 695.0 1456.0 756.0 1385.0 756.0 Boeing737 0
1324.0 741.0 1390.0 741.0 1390.0 821.0 1324.0 821.0 Boeing737 0
1089.0 927.0 1162.0 927.0 1162.0 1015.0 1089.0 1015.0 other 0
971.0 1022.0 1047.0 1022.0 1047.0 1104.0 971.0 1104.0 other 0
842.0 1139.0 930.0 1139.0 930.0 1226.0 842.0 1226.0 other 0
719.0 1230.0 811.0 1230.0 811.0 1319.0 719.0 1319.0 other 0
614.0 1316.0 695.0 1316.0 695.0 1399.0 614.0 1399.0 Boeing787 0
323.0 1062.0 421.0 1062.0 421.0 1147.0 323.0 1147.0 Boeing787 0
124.0 1188.0 234.0 1188.0 234.0 1302.0 124.0 1302.0 Boeing737 0
255.0 1467.0 395.0 1467.0 395.0 1499.0 255.0 1499.0 other 0
225.0 1159.0 316.0 1159.0 316.0 1242.0 225.0 1242.0 Boeing787 0
