338.0 1171.0 385.0 1171.0 385.0 1199.0 338.0 1199.0 other 0
592.0 876.0 680.0 876.0 680.0 962.0 592.0 962.0 Boeing737 0
689.0 872.0 755.0 872.0 755.0 955.0 689.0 955.0 other 0
757.0 863.0 800.0 863.0 800.0 945.0 757.0 945.0 ARJ21 0
150.0 23.0 217.0 23.0 217.0 65.0 150.0 65.0 other 0
160.0 78.0 228.0 78.0 228.0 122.0 160.0 122.0 ARJ21 0
171.0 133.0 227.0 133.0 227.0 172.0 171.0 172.0 ARJ21 0
177.0 243.0 240.0 243.0 240.0 285.0 177.0 285.0 other 0
647.0 1174.0 695.0 1174.0 695.0 1199.0 647.0 1199.0 other 0
517.0 1178.0 565.0 1178.0 565.0 1199.0 517.0 1199.0 other 0
