529.0 358.0 620.0 358.0 620.0 442.0 529.0 442.0 Boeing737 0
720.0 357.0 815.0 357.0 815.0 447.0 720.0 447.0 other 0
293.0 413.0 384.0 413.0 384.0 495.0 293.0 495.0 A220 0
243.0 494.0 340.0 494.0 340.0 570.0 243.0 570.0 A220 0
254.0 735.0 344.0 735.0 344.0 815.0 254.0 815.0 A220 0
260.0 823.0 362.0 823.0 362.0 893.0 260.0 893.0 A220 0
466.0 775.0 534.0 775.0 534.0 867.0 466.0 867.0 Boeing737 0
595.0 1032.0 658.0 1032.0 658.0 1133.0 595.0 1133.0 other 0
704.0 1010.0 780.0 1010.0 780.0 1125.0 704.0 1125.0 A320/321 0
504.0 1046.0 576.0 1046.0 576.0 1145.0 504.0 1145.0 A220 0
845.0 1054.0 908.0 1054.0 908.0 1140.0 845.0 1140.0 A320/321 0
981.0 1019.0 1050.0 1019.0 1050.0 1126.0 981.0 1126.0 A320/321 0
1012.0 1401.0 1126.0 1401.0 1126.0 1464.0 1012.0 1464.0 Boeing737 0
879.0 1416.0 973.0 1416.0 973.0 1499.0 879.0 1499.0 A320/321 0
1059.0 1361.0 1152.0 1361.0 1152.0 1422.0 1059.0 1422.0 A320/321 0
