61.0 108.0 136.0 108.0 136.0 179.0 61.0 179.0 other 0
147.0 105.0 229.0 105.0 229.0 183.0 147.0 183.0 other 0
237.0 105.0 316.0 105.0 316.0 180.0 237.0 180.0 other 0
451.0 94.0 531.0 94.0 531.0 168.0 451.0 168.0 other 0
373.0 96.0 435.0 96.0 435.0 168.0 373.0 168.0 other 0
71.0 241.0 137.0 241.0 137.0 284.0 71.0 284.0 ARJ21 0
79.0 442.0 149.0 442.0 149.0 501.0 79.0 501.0 ARJ21 0
218.0 711.0 299.0 711.0 299.0 811.0 218.0 811.0 other 0
368.0 712.0 448.0 712.0 448.0 838.0 368.0 838.0 other 0
508.0 703.0 587.0 703.0 587.0 816.0 508.0 816.0 Boeing787 0
184.0 447.0 234.0 447.0 234.0 501.0 184.0 501.0 A220 0
269.0 444.0 316.0 444.0 316.0 499.0 269.0 499.0 A320/321 0
796.0 698.0 892.0 698.0 892.0 787.0 796.0 787.0 A220 0
