729.0 240.0 851.0 240.0 851.0 325.0 729.0 325.0 A320/321 0
487.0 238.0 599.0 238.0 599.0 311.0 487.0 311.0 other 0
600.0 228.0 700.0 228.0 700.0 310.0 600.0 310.0 A320/321 0
416.0 255.0 509.0 255.0 509.0 330.0 416.0 330.0 A220 0
521.0 650.0 603.0 650.0 603.0 735.0 521.0 735.0 other 0
896.0 236.0 983.0 236.0 983.0 296.0 896.0 296.0 A320/321 0
986.0 386.0 1061.0 386.0 1061.0 449.0 986.0 449.0 A220 0
985.0 308.0 1049.0 308.0 1049.0 376.0 985.0 376.0 A220 0
965.0 550.0 1058.0 550.0 1058.0 629.0 965.0 629.0 A320/321 0
800.0 608.0 890.0 608.0 890.0 707.0 800.0 707.0 A320/321 0
670.0 613.0 752.0 613.0 752.0 719.0 670.0 719.0 Boeing787 0
913.0 612.0 998.0 612.0 998.0 674.0 913.0 674.0 Boeing737 0
384.0 729.0 517.0 729.0 517.0 837.0 384.0 837.0 A330 0
343.0 899.0 518.0 899.0 518.0 1038.0 343.0 1038.0 A320/321 0
354.0 1061.0 554.0 1061.0 554.0 1199.0 354.0 1199.0 A320/321 0
215.0 106.0 315.0 106.0 315.0 196.0 215.0 196.0 A220 0
