613.0 36.0 747.0 36.0 747.0 131.0 613.0 131.0 other 0
520.0 59.0 592.0 59.0 592.0 116.0 520.0 116.0 Boeing737 0
430.0 63.0 506.0 63.0 506.0 124.0 430.0 124.0 Boeing737 0
353.0 69.0 424.0 69.0 424.0 123.0 353.0 123.0 Boeing737 0
646.0 1116.0 752.0 1116.0 752.0 1199.0 646.0 1199.0 A320/321 0
775.0 1107.0 890.0 1107.0 890.0 1199.0 775.0 1199.0 Boeing737 0
770.0 16.0 846.0 16.0 846.0 95.0 770.0 95.0 Boeing737 0
385.0 717.0 496.0 717.0 496.0 805.0 385.0 805.0 A220 0
727.0 717.0 831.0 717.0 831.0 805.0 727.0 805.0 A320/321 0
583.0 691.0 696.0 691.0 696.0 806.0 583.0 806.0 A320/321 0
920.0 1092.0 1009.0 1092.0 1009.0 1175.0 920.0 1175.0 A320/321 0
896.0 9.0 971.0 9.0 971.0 73.0 896.0 73.0 Boeing737 0
