60.0 32.0 115.0 32.0 115.0 96.0 60.0 96.0 other 0
134.0 24.0 210.0 24.0 210.0 97.0 134.0 97.0 other 0
56.0 138.0 133.0 138.0 133.0 204.0 56.0 204.0 A220 0
151.0 138.0 213.0 138.0 213.0 199.0 151.0 199.0 ARJ21 0
64.0 342.0 143.0 342.0 143.0 417.0 64.0 417.0 other 0
148.0 335.0 228.0 335.0 228.0 407.0 148.0 407.0 A220 0
45.0 644.0 159.0 644.0 159.0 744.0 45.0 744.0 A220 0
191.0 638.0 281.0 638.0 281.0 745.0 191.0 745.0 Boeing787 0
353.0 663.0 435.0 663.0 435.0 739.0 353.0 739.0 Boeing787 0
487.0 632.0 582.0 632.0 582.0 723.0 487.0 723.0 A220 0
