433.0 183.0 563.0 183.0 563.0 273.0 433.0 273.0 Boeing737 0
585.0 439.0 681.0 439.0 681.0 538.0 585.0 538.0 other 0
485.0 456.0 583.0 456.0 583.0 552.0 485.0 552.0 A220 0
966.0 434.0 1078.0 434.0 1078.0 530.0 966.0 530.0 A320/321 0
690.0 416.0 792.0 416.0 792.0 525.0 690.0 525.0 A320/321 0
863.0 815.0 980.0 815.0 980.0 930.0 863.0 930.0 A320/321 0
256.0 148.0 341.0 148.0 341.0 214.0 256.0 214.0 A220 0
263.0 226.0 357.0 226.0 357.0 301.0 263.0 301.0 A220 0
826.0 465.0 917.0 465.0 917.0 547.0 826.0 547.0 A320/321 0
1009.0 812.0 1119.0 812.0 1119.0 875.0 1009.0 875.0 Boeing737 0
1058.0 766.0 1162.0 766.0 1162.0 827.0 1058.0 827.0 A320/321 0
552.0 28.0 614.0 28.0 614.0 87.0 552.0 87.0 other 0
