269.0 72.0 329.0 72.0 329.0 139.0 269.0 139.0 other 0
357.0 65.0 408.0 65.0 408.0 139.0 357.0 139.0 other 0
438.0 63.0 500.0 63.0 500.0 139.0 438.0 139.0 other 0
575.0 59.0 624.0 59.0 624.0 129.0 575.0 129.0 other 0
652.0 55.0 722.0 55.0 722.0 125.0 652.0 125.0 other 0
273.0 192.0 327.0 192.0 327.0 248.0 273.0 248.0 ARJ21 0
276.0 396.0 345.0 396.0 345.0 464.0 276.0 464.0 ARJ21 0
375.0 400.0 426.0 400.0 426.0 461.0 375.0 461.0 A220 0
461.0 400.0 515.0 400.0 515.0 458.0 461.0 458.0 A320/321 0
712.0 664.0 779.0 664.0 779.0 737.0 712.0 737.0 Boeing787 0
572.0 667.0 638.0 667.0 638.0 747.0 572.0 747.0 A220 0
424.0 668.0 490.0 668.0 490.0 738.0 424.0 738.0 other 0
