868.0 232.0 918.0 232.0 918.0 295.0 868.0 295.0 ARJ21 0
934.0 233.0 994.0 233.0 994.0 295.0 934.0 295.0 other 0
803.0 33.0 885.0 33.0 885.0 100.0 803.0 100.0 other 0
905.0 626.0 986.0 626.0 986.0 737.0 905.0 737.0 Boeing737 0
768.0 641.0 870.0 641.0 870.0 740.0 768.0 740.0 Boeing737 0
645.0 651.0 728.0 651.0 728.0 741.0 645.0 741.0 other 0
454.0 668.0 536.0 668.0 536.0 771.0 454.0 771.0 Boeing737 0
360.0 676.0 446.0 676.0 446.0 767.0 360.0 767.0 Boeing737 0
212.0 739.0 279.0 739.0 279.0 800.0 212.0 800.0 A220 0
157.0 891.0 244.0 891.0 244.0 952.0 157.0 952.0 A220 0
