521.0 50.0 603.0 50.0 603.0 135.0 521.0 135.0 other 0
684.0 681.0 838.0 681.0 838.0 789.0 684.0 789.0 other 0
528.0 719.0 683.0 719.0 683.0 816.0 528.0 816.0 A320/321 0
950.0 1096.0 1066.0 1096.0 1066.0 1199.0 950.0 1199.0 Boeing737 0
563.0 1113.0 650.0 1113.0 650.0 1194.0 563.0 1194.0 A220 0
483.0 1137.0 565.0 1137.0 565.0 1199.0 483.0 1199.0 Boeing737 0
800.0 8.0 890.0 8.0 890.0 107.0 800.0 107.0 A320/321 0
670.0 13.0 752.0 13.0 752.0 119.0 670.0 119.0 Boeing787 0
913.0 12.0 998.0 12.0 998.0 74.0 913.0 74.0 Boeing737 0
384.0 129.0 517.0 129.0 517.0 237.0 384.0 237.0 A330 0
343.0 299.0 518.0 299.0 518.0 438.0 343.0 438.0 A320/321 0
354.0 461.0 554.0 461.0 554.0 611.0 354.0 611.0 A320/321 0
659.0 1115.0 776.0 1115.0 776.0 1199.0 659.0 1199.0 Boeing787 0
797.0 1100.0 897.0 1100.0 897.0 1199.0 797.0 1199.0 other 0
1074.0 783.0 1129.0 783.0 1129.0 830.0 1074.0 830.0 A220 0
840.0 698.0 967.0 698.0 967.0 795.0 840.0 795.0 A320/321 0
981.0 703.0 1083.0 703.0 1083.0 809.0 981.0 809.0 A220 0
