211.0 258.0 286.0 258.0 286.0 329.0 211.0 329.0 other 0
297.0 255.0 379.0 255.0 379.0 333.0 297.0 333.0 other 0
387.0 255.0 466.0 255.0 466.0 330.0 387.0 330.0 other 0
601.0 244.0 681.0 244.0 681.0 318.0 601.0 318.0 other 0
523.0 246.0 585.0 246.0 585.0 318.0 523.0 318.0 other 0
221.0 391.0 287.0 391.0 287.0 434.0 221.0 434.0 ARJ21 0
229.0 592.0 299.0 592.0 299.0 651.0 229.0 651.0 ARJ21 0
368.0 861.0 449.0 861.0 449.0 961.0 368.0 961.0 other 0
518.0 862.0 598.0 862.0 598.0 988.0 518.0 988.0 other 0
658.0 853.0 737.0 853.0 737.0 966.0 658.0 966.0 Boeing787 0
334.0 597.0 384.0 597.0 384.0 651.0 334.0 651.0 A220 0
419.0 594.0 466.0 594.0 466.0 649.0 419.0 649.0 A320/321 0
946.0 848.0 1042.0 848.0 1042.0 937.0 946.0 937.0 A220 0
