1023.0 229.0 1137.0 229.0 1137.0 329.0 1023.0 329.0 Boeing737 0
889.0 226.0 989.0 226.0 989.0 345.0 889.0 345.0 other 0
738.0 237.0 848.0 237.0 848.0 360.0 738.0 360.0 Boeing787 0
324.0 583.0 452.0 583.0 452.0 670.0 324.0 670.0 A320/321 0
860.0 902.0 941.0 902.0 941.0 1036.0 860.0 1036.0 Boeing787 0
351.0 839.0 455.0 839.0 455.0 930.0 351.0 930.0 A220 0
1141.0 1228.0 1247.0 1228.0 1247.0 1298.0 1141.0 1298.0 A220 0
1146.0 1323.0 1245.0 1323.0 1245.0 1387.0 1146.0 1387.0 A220 0
1147.0 1400.0 1247.0 1400.0 1247.0 1467.0 1147.0 1467.0 A220 0
387.0 363.0 469.0 363.0 469.0 428.0 387.0 428.0 A320/321 0
650.0 241.0 731.0 241.0 731.0 310.0 650.0 310.0 A220 0
