860.0 670.0 984.0 670.0 984.0 786.0 860.0 786.0 A320/321 0
1016.0 660.0 1122.0 660.0 1122.0 738.0 1016.0 738.0 Boeing737 0
1055.0 614.0 1155.0 614.0 1155.0 685.0 1055.0 685.0 A320/321 0
574.0 282.0 689.0 282.0 689.0 403.0 574.0 403.0 other 0
491.0 305.0 570.0 305.0 570.0 406.0 491.0 406.0 A220 0
693.0 262.0 786.0 262.0 786.0 407.0 693.0 407.0 A320/321 0
970.0 287.0 1060.0 287.0 1060.0 386.0 970.0 386.0 A320/321 0
829.0 308.0 942.0 308.0 942.0 397.0 829.0 397.0 A320/321 0
441.0 21.0 537.0 21.0 537.0 133.0 441.0 133.0 Boeing737 0
256.0 74.0 355.0 74.0 355.0 147.0 256.0 147.0 A220 0
243.0 3.0 338.0 3.0 338.0 69.0 243.0 69.0 A220 0
