689.0 385.0 802.0 385.0 802.0 501.0 689.0 501.0 A320/321 0
422.0 400.0 513.0 400.0 513.0 528.0 422.0 528.0 A320/321 0
240.0 432.0 311.0 432.0 311.0 527.0 240.0 527.0 A220 0
564.0 398.0 649.0 398.0 649.0 519.0 564.0 519.0 A320/321 0
476.0 817.0 563.0 817.0 563.0 911.0 476.0 911.0 Boeing787 0
615.0 794.0 696.0 794.0 696.0 911.0 615.0 911.0 A320/321 0
731.0 783.0 826.0 783.0 826.0 868.0 731.0 868.0 Boeing737 0
773.0 734.0 884.0 734.0 884.0 817.0 773.0 817.0 A320/321 0
175.0 891.0 298.0 891.0 298.0 973.0 175.0 973.0 A330 0
436.0 1088.0 524.0 1088.0 524.0 1199.0 436.0 1199.0 other 0
162.0 1142.0 276.0 1142.0 276.0 1199.0 162.0 1199.0 A320/321 0
