211.0 1008.0 286.0 1008.0 286.0 1079.0 211.0 1079.0 other 0
297.0 1005.0 379.0 1005.0 379.0 1083.0 297.0 1083.0 other 0
387.0 1005.0 466.0 1005.0 466.0 1080.0 387.0 1080.0 other 0
601.0 994.0 681.0 994.0 681.0 1068.0 601.0 1068.0 other 0
523.0 996.0 585.0 996.0 585.0 1068.0 523.0 1068.0 other 0
221.0 1141.0 287.0 1141.0 287.0 1184.0 221.0 1184.0 ARJ21 0
229.0 1342.0 299.0 1342.0 299.0 1401.0 229.0 1401.0 ARJ21 0
1211.0 364.0 1301.0 364.0 1301.0 458.0 1211.0 458.0 Boeing737 0
52.0 27.0 106.0 27.0 106.0 58.0 52.0 58.0 ARJ21 0
800.0 703.0 852.0 703.0 852.0 787.0 800.0 787.0 Boeing737 0
707.0 707.0 771.0 707.0 771.0 793.0 707.0 793.0 ARJ21 0
334.0 1347.0 384.0 1347.0 384.0 1401.0 334.0 1401.0 A220 0
419.0 1344.0 466.0 1344.0 466.0 1399.0 419.0 1399.0 A320/321 0
