287.0 278.0 378.0 278.0 378.0 348.0 287.0 348.0 A220 0
253.0 357.0 339.0 357.0 339.0 426.0 253.0 426.0 A220 0
433.0 633.0 563.0 633.0 563.0 723.0 433.0 723.0 Boeing737 0
585.0 889.0 681.0 889.0 681.0 988.0 585.0 988.0 other 0
485.0 906.0 583.0 906.0 583.0 1002.0 485.0 1002.0 A220 0
966.0 884.0 1078.0 884.0 1078.0 980.0 966.0 980.0 A320/321 0
690.0 866.0 792.0 866.0 792.0 975.0 690.0 975.0 A320/321 0
523.0 209.0 619.0 209.0 619.0 303.0 523.0 303.0 Boeing737 0
707.0 182.0 826.0 182.0 826.0 300.0 707.0 300.0 other 0
256.0 598.0 341.0 598.0 341.0 664.0 256.0 664.0 A220 0
263.0 676.0 357.0 676.0 357.0 751.0 263.0 751.0 A220 0
826.0 915.0 917.0 915.0 917.0 997.0 826.0 997.0 A320/321 0
552.0 478.0 614.0 478.0 614.0 537.0 552.0 537.0 other 0
