927.0 714.0 997.0 714.0 997.0 768.0 927.0 768.0 Boeing787 0
332.0 134.0 411.0 134.0 411.0 202.0 332.0 202.0 other 0
347.0 469.0 412.0 469.0 412.0 530.0 347.0 530.0 ARJ21 0
750.0 441.0 823.0 441.0 823.0 513.0 750.0 513.0 A220 0
510.0 129.0 577.0 129.0 577.0 197.0 510.0 197.0 other 0
648.0 127.0 704.0 127.0 704.0 192.0 648.0 192.0 other 0
736.0 220.0 801.0 220.0 801.0 288.0 736.0 288.0 ARJ21 0
444.0 721.0 614.0 721.0 614.0 844.0 444.0 844.0 other 0
426.0 144.0 496.0 144.0 496.0 207.0 426.0 207.0 other 0
338.0 253.0 406.0 253.0 406.0 307.0 338.0 307.0 ARJ21 0
716.0 115.0 805.0 115.0 805.0 200.0 716.0 200.0 other 0
632.0 418.0 739.0 418.0 739.0 531.0 632.0 531.0 other 0
