1.0 90.0 101.0 90.0 101.0 175.0 1.0 175.0 A320/321 0
146.0 86.0 233.0 86.0 233.0 146.0 146.0 146.0 A320/321 0
1.0 1131.0 88.0 1131.0 88.0 1239.0 1.0 1239.0 other 0
236.0 236.0 312.0 236.0 312.0 299.0 236.0 299.0 A220 0
236.0 158.0 299.0 158.0 299.0 226.0 236.0 226.0 A220 0
215.0 400.0 308.0 400.0 308.0 479.0 215.0 479.0 A320/321 0
50.0 458.0 140.0 458.0 140.0 557.0 50.0 557.0 A320/321 0
163.0 462.0 248.0 462.0 248.0 524.0 163.0 524.0 Boeing737 0
229.0 1151.0 309.0 1151.0 309.0 1261.0 229.0 1261.0 A220 0
324.0 1233.0 379.0 1233.0 379.0 1280.0 324.0 1280.0 A220 0
90.0 1148.0 217.0 1148.0 217.0 1245.0 90.0 1245.0 A320/321 0
