1019.0 816.0 1064.0 816.0 1064.0 864.0 1019.0 864.0 A220 0
1003.0 704.0 1066.0 704.0 1066.0 741.0 1003.0 741.0 A220 0
919.0 4.0 1001.0 4.0 1001.0 81.0 919.0 81.0 Boeing787 0
481.0 28.0 566.0 28.0 566.0 94.0 481.0 94.0 Boeing737 0
569.0 3.0 646.0 3.0 646.0 75.0 569.0 75.0 A220 0
652.0 18.0 717.0 18.0 717.0 94.0 652.0 94.0 other 0
779.0 4.0 854.0 4.0 854.0 82.0 779.0 82.0 Boeing787 0
1045.0 1.0 1144.0 1.0 1144.0 89.0 1045.0 89.0 A320/321 0
1008.0 915.0 1085.0 915.0 1085.0 982.0 1008.0 982.0 A220 0
1025.0 1050.0 1079.0 1050.0 1079.0 1105.0 1025.0 1105.0 A220 0
1061.0 1317.0 1141.0 1317.0 1141.0 1383.0 1061.0 1383.0 A220 0
1222.0 1324.0 1314.0 1324.0 1314.0 1401.0 1222.0 1401.0 other 0
