934.0 94.0 1012.0 94.0 1012.0 141.0 934.0 141.0 ARJ21 0
1016.0 93.0 1089.0 93.0 1089.0 138.0 1016.0 138.0 other 0
287.0 578.0 378.0 578.0 378.0 648.0 287.0 648.0 A220 0
253.0 657.0 339.0 657.0 339.0 726.0 253.0 726.0 A220 0
433.0 933.0 563.0 933.0 563.0 1023.0 433.0 1023.0 Boeing737 0
585.0 1189.0 681.0 1189.0 681.0 1288.0 585.0 1288.0 other 0
485.0 1206.0 583.0 1206.0 583.0 1302.0 485.0 1302.0 A220 0
966.0 1184.0 1078.0 1184.0 1078.0 1280.0 966.0 1280.0 A320/321 0
690.0 1166.0 792.0 1166.0 792.0 1275.0 690.0 1275.0 A320/321 0
523.0 509.0 619.0 509.0 619.0 603.0 523.0 603.0 Boeing737 0
707.0 482.0 826.0 482.0 826.0 600.0 707.0 600.0 other 0
256.0 898.0 341.0 898.0 341.0 964.0 256.0 964.0 A220 0
263.0 976.0 357.0 976.0 357.0 1051.0 263.0 1051.0 A220 0
826.0 1215.0 917.0 1215.0 917.0 1297.0 826.0 1297.0 A320/321 0
552.0 778.0 614.0 778.0 614.0 837.0 552.0 837.0 other 0
