1159.0 291.0 1199.0 291.0 1199.0 364.0 1159.0 364.0 Boeing737 0
932.0 472.0 1024.0 472.0 1024.0 565.0 932.0 565.0 other 0
813.0 563.0 907.0 563.0 907.0 662.0 813.0 662.0 other 0
684.0 679.0 781.0 679.0 781.0 787.0 684.0 787.0 other 0
565.0 779.0 665.0 779.0 665.0 874.0 565.0 874.0 other 0
468.0 860.0 561.0 860.0 561.0 964.0 468.0 964.0 Boeing787 0
339.0 957.0 444.0 957.0 444.0 1070.0 339.0 1070.0 other 0
113.0 1014.0 239.0 1014.0 239.0 1136.0 113.0 1136.0 other 0
192.0 615.0 286.0 615.0 286.0 695.0 192.0 695.0 Boeing787 0
78.0 701.0 170.0 701.0 170.0 797.0 78.0 797.0 Boeing787 0
