50.0 836.0 130.0 836.0 130.0 896.0 50.0 896.0 A220 0
1.0 839.0 40.0 839.0 40.0 899.0 1.0 899.0 other 0
31.0 515.0 121.0 515.0 121.0 593.0 31.0 593.0 other 0
36.0 637.0 125.0 637.0 125.0 699.0 36.0 699.0 ARJ21 0
306.0 586.0 419.0 586.0 419.0 659.0 306.0 659.0 other 0
313.0 668.0 425.0 668.0 425.0 742.0 313.0 742.0 other 0
314.0 513.0 408.0 513.0 408.0 577.0 314.0 577.0 other 0
140.0 240.0 228.0 240.0 228.0 324.0 140.0 324.0 ARJ21 0
680.0 121.0 803.0 121.0 803.0 213.0 680.0 213.0 other 0
797.0 109.0 903.0 109.0 903.0 215.0 797.0 215.0 Boeing787 0
84.0 1139.0 171.0 1139.0 171.0 1199.0 84.0 1199.0 Boeing787 0
386.0 1137.0 479.0 1137.0 479.0 1197.0 386.0 1197.0 A220 0
311.0 835.0 397.0 835.0 397.0 916.0 311.0 916.0 other 0
