1003.0 1454.0 1066.0 1454.0 1066.0 1491.0 1003.0 1491.0 A220 0
919.0 754.0 1001.0 754.0 1001.0 831.0 919.0 831.0 Boeing787 0
952.0 52.0 1066.0 52.0 1066.0 162.0 952.0 162.0 Boeing737 0
793.0 54.0 906.0 54.0 906.0 162.0 793.0 162.0 other 0
670.0 47.0 757.0 47.0 757.0 176.0 670.0 176.0 Boeing787 0
572.0 44.0 645.0 44.0 645.0 136.0 572.0 136.0 A220 0
294.0 663.0 377.0 663.0 377.0 734.0 294.0 734.0 A220 0
481.0 778.0 566.0 778.0 566.0 844.0 481.0 844.0 Boeing737 0
569.0 753.0 646.0 753.0 646.0 825.0 569.0 825.0 A220 0
652.0 768.0 717.0 768.0 717.0 844.0 652.0 844.0 other 0
779.0 754.0 854.0 754.0 854.0 832.0 779.0 832.0 Boeing787 0
1045.0 738.0 1144.0 738.0 1144.0 839.0 1045.0 839.0 A320/321 0
