467.0 626.0 573.0 626.0 573.0 690.0 467.0 690.0 Boeing737 0
554.0 600.0 649.0 600.0 649.0 668.0 554.0 668.0 A220 0
774.0 597.0 868.0 597.0 868.0 660.0 774.0 660.0 Boeing787 0
1077.0 969.0 1154.0 969.0 1154.0 1056.0 1077.0 1056.0 A220 0
1073.0 890.0 1151.0 890.0 1151.0 971.0 1073.0 971.0 A220 0
254.0 171.0 370.0 171.0 370.0 268.0 254.0 268.0 A320/321 0
279.0 518.0 400.0 518.0 400.0 583.0 279.0 583.0 A220 0
907.0 599.0 992.0 599.0 992.0 691.0 907.0 691.0 Boeing787 0
635.0 613.0 723.0 613.0 723.0 704.0 635.0 704.0 other 0
1073.0 1061.0 1154.0 1061.0 1154.0 1154.0 1073.0 1154.0 A220 0
1034.0 583.0 1139.0 583.0 1139.0 690.0 1034.0 690.0 A320/321 0
