665.0 853.0 724.0 853.0 724.0 933.0 665.0 933.0 Boeing787 0
526.0 860.0 592.0 860.0 592.0 956.0 526.0 956.0 A220 0
380.0 860.0 459.0 860.0 459.0 970.0 380.0 970.0 other 0
966.0 845.0 1038.0 845.0 1038.0 932.0 966.0 932.0 A220 0
235.0 378.0 283.0 378.0 283.0 432.0 235.0 432.0 ARJ21 0
331.0 596.0 377.0 596.0 377.0 655.0 331.0 655.0 A220 0
408.0 592.0 460.0 592.0 460.0 654.0 408.0 654.0 A320/321 0
239.0 593.0 300.0 593.0 300.0 656.0 239.0 656.0 ARJ21 0
228.0 264.0 267.0 264.0 267.0 328.0 228.0 328.0 other 0
305.0 263.0 354.0 263.0 354.0 331.0 305.0 331.0 other 0
398.0 257.0 446.0 257.0 446.0 321.0 398.0 321.0 other 0
526.0 255.0 576.0 255.0 576.0 314.0 526.0 314.0 other 0
615.0 249.0 663.0 249.0 663.0 313.0 615.0 313.0 other 0
