135.0 925.0 295.0 925.0 295.0 1036.0 135.0 1036.0 Boeing737 0
274.0 838.0 422.0 838.0 422.0 947.0 274.0 947.0 Boeing737 0
481.0 576.0 601.0 576.0 601.0 676.0 481.0 676.0 A330 0
1066.0 238.0 1137.0 238.0 1137.0 296.0 1066.0 296.0 Boeing737 0
1390.0 439.0 1487.0 439.0 1487.0 520.0 1390.0 520.0 Boeing737 0
1083.0 695.0 1192.0 695.0 1192.0 790.0 1083.0 790.0 Boeing737 0
1046.0 739.0 1138.0 739.0 1138.0 841.0 1046.0 841.0 Boeing737 0
991.0 819.0 1097.0 819.0 1097.0 905.0 991.0 905.0 Boeing737 0
942.0 872.0 1041.0 872.0 1041.0 954.0 942.0 954.0 Boeing737 0
888.0 934.0 957.0 934.0 957.0 1004.0 888.0 1004.0 Boeing737 0
812.0 987.0 906.0 987.0 906.0 1061.0 812.0 1061.0 Boeing737 0
661.0 1091.0 783.0 1091.0 783.0 1166.0 661.0 1166.0 Boeing737 0
585.0 1164.0 693.0 1164.0 693.0 1252.0 585.0 1252.0 Boeing737 0
