1.0 508.0 36.0 508.0 36.0 579.0 1.0 579.0 other 0
47.0 505.0 129.0 505.0 129.0 583.0 47.0 583.0 other 0
137.0 505.0 216.0 505.0 216.0 580.0 137.0 580.0 other 0
351.0 494.0 431.0 494.0 431.0 568.0 351.0 568.0 other 0
273.0 496.0 335.0 496.0 335.0 568.0 273.0 568.0 other 0
1.0 842.0 49.0 842.0 49.0 901.0 1.0 901.0 ARJ21 0
550.0 203.0 602.0 203.0 602.0 287.0 550.0 287.0 Boeing737 0
457.0 207.0 521.0 207.0 521.0 293.0 457.0 293.0 ARJ21 0
84.0 847.0 134.0 847.0 134.0 901.0 84.0 901.0 A220 0
169.0 844.0 216.0 844.0 216.0 899.0 169.0 899.0 A320/321 0
