729.0 340.0 851.0 340.0 851.0 425.0 729.0 425.0 A320/321 0
487.0 338.0 599.0 338.0 599.0 411.0 487.0 411.0 other 0
600.0 328.0 700.0 328.0 700.0 410.0 600.0 410.0 A320/321 0
416.0 355.0 509.0 355.0 509.0 430.0 416.0 430.0 A220 0
521.0 750.0 603.0 750.0 603.0 835.0 521.0 835.0 other 0
896.0 336.0 983.0 336.0 983.0 396.0 896.0 396.0 A320/321 0
986.0 486.0 999.0 486.0 999.0 549.0 986.0 549.0 A220 0
800.0 708.0 890.0 708.0 890.0 807.0 800.0 807.0 A320/321 0
670.0 713.0 752.0 713.0 752.0 819.0 670.0 819.0 Boeing787 0
913.0 712.0 998.0 712.0 998.0 774.0 913.0 774.0 Boeing737 0
384.0 829.0 517.0 829.0 517.0 937.0 384.0 937.0 A330 0
215.0 206.0 315.0 206.0 315.0 296.0 215.0 296.0 A220 0
