294.0 1133.0 360.0 1133.0 360.0 1214.0 294.0 1214.0 ship 0
294.0 1596.0 363.0 1596.0 363.0 1691.0 294.0 1691.0 ship 0
112.0 1685.0 174.0 1685.0 174.0 1751.0 112.0 1751.0 ship 0
1.0 1603.0 49.0 1603.0 49.0 1685.0 1.0 1685.0 ship 0
9.0 1385.0 55.0 1385.0 55.0 1454.0 9.0 1454.0 ship 0
989.0 1908.0 1089.0 1908.0 1089.0 1979.0 989.0 1979.0 ship 0
411.0 1865.0 472.0 1865.0 472.0 1950.0 411.0 1950.0 ship 0
186.0 1851.0 256.0 1851.0 256.0 1924.0 186.0 1924.0 ship 0
617.0 2277.0 704.0 2277.0 704.0 2360.0 617.0 2360.0 ship 0
155.0 2499.0 253.0 2499.0 253.0 2581.0 155.0 2581.0 ship 0
271.0 2146.0 326.0 2146.0 326.0 2225.0 271.0 2225.0 ship 0
2194.0 1898.0 2271.0 1898.0 2271.0 1941.0 2194.0 1941.0 ship 0
2089.0 1808.0 2169.0 1808.0 2169.0 1865.0 2089.0 1865.0 ship 0
2025.0 1553.0 2087.0 1553.0 2087.0 1616.0 2025.0 1616.0 ship 0
2073.0 1145.0 2121.0 1145.0 2121.0 1200.0 2073.0 1200.0 ship 0
2449.0 1197.0 2502.0 1197.0 2502.0 1254.0 2449.0 1254.0 ship 0
2403.0 1115.0 2460.0 1115.0 2460.0 1166.0 2403.0 1166.0 ship 0
2257.0 1017.0 2323.0 1017.0 2323.0 1067.0 2257.0 1067.0 ship 0
2205.0 1072.0 2254.0 1072.0 2254.0 1146.0 2205.0 1146.0 ship 0
2261.0 1145.0 2339.0 1145.0 2339.0 1190.0 2261.0 1190.0 ship 0
2155.0 956.0 2224.0 956.0 2224.0 1018.0 2155.0 1018.0 ship 0
2256.0 867.0 2313.0 867.0 2313.0 935.0 2256.0 935.0 ship 0
2218.0 794.0 2277.0 794.0 2277.0 857.0 2218.0 857.0 ship 0
2256.0 689.0 2310.0 689.0 2310.0 738.0 2256.0 738.0 ship 0
2273.0 671.0 2328.0 671.0 2328.0 716.0 2273.0 716.0 ship 0
2655.0 509.0 2741.0 509.0 2741.0 552.0 2655.0 552.0 ship 0
2477.0 561.0 2600.0 561.0 2600.0 600.0 2477.0 600.0 ship 0
2117.0 712.0 2157.0 712.0 2157.0 769.0 2117.0 769.0 ship 0
2390.0 2095.0 2464.0 2095.0 2464.0 2154.0 2390.0 2154.0 ship 0
2261.0 355.0 2325.0 355.0 2325.0 393.0 2261.0 393.0 ship 0
2196.0 510.0 2259.0 510.0 2259.0 548.0 2196.0 548.0 ship 0
2590.0 1186.0 2677.0 1186.0 2677.0 1229.0 2590.0 1229.0 ship 0
2604.0 1099.0 2684.0 1099.0 2684.0 1137.0 2604.0 1137.0 ship 0
2680.0 940.0 2762.0 940.0 2762.0 983.0 2680.0 983.0 ship 0
2647.0 307.0 2712.0 307.0 2712.0 339.0 2647.0 339.0 ship 0
2667.0 331.0 2752.0 331.0 2752.0 367.0 2667.0 367.0 ship 0
2423.0 355.0 2511.0 355.0 2511.0 394.0 2423.0 394.0 ship 0
2495.0 419.0 2576.0 419.0 2576.0 453.0 2495.0 453.0 ship 0
2628.0 835.0 2732.0 835.0 2732.0 879.0 2628.0 879.0 ship 0
2672.0 783.0 2761.0 783.0 2761.0 824.0 2672.0 824.0 ship 0
2706.0 730.0 2765.0 730.0 2765.0 766.0 2706.0 766.0 ship 0
2373.0 432.0 2448.0 432.0 2448.0 463.0 2373.0 463.0 ship 0
2556.0 349.0 2638.0 349.0 2638.0 379.0 2556.0 379.0 ship 0
2561.0 43.0 2578.0 43.0 2578.0 94.0 2561.0 94.0 ship 0
2519.0 50.0 2543.0 50.0 2543.0 94.0 2519.0 94.0 ship 0
2638.0 89.0 2652.0 89.0 2652.0 143.0 2638.0 143.0 ship 0
2657.0 97.0 2680.0 97.0 2680.0 151.0 2657.0 151.0 ship 0
613.0 368.0 708.0 368.0 708.0 407.0 613.0 407.0 ship 0
595.0 316.0 692.0 316.0 692.0 351.0 595.0 351.0 ship 0
465.0 522.0 498.0 522.0 498.0 630.0 465.0 630.0 ship 0
609.0 284.0 700.0 284.0 700.0 317.0 609.0 317.0 ship 0
110.0 1328.0 133.0 1328.0 133.0 1393.0 110.0 1393.0 ship 0
41.0 2017.0 80.0 2017.0 80.0 2085.0 41.0 2085.0 ship 0
282.0 1947.0 333.0 1947.0 333.0 2033.0 282.0 2033.0 ship 0
2339.0 1822.0 2422.0 1822.0 2422.0 1857.0 2339.0 1857.0 ship 0
2288.0 1419.0 2388.0 1419.0 2388.0 1466.0 2288.0 1466.0 ship 0
2394.0 740.0 2533.0 740.0 2533.0 784.0 2394.0 784.0 ship 0
2553.0 1021.0 2704.0 1021.0 2704.0 1068.0 2553.0 1068.0 ship 0
2443.0 926.0 2545.0 926.0 2545.0 957.0 2443.0 957.0 ship 0
2657.0 646.0 2762.0 646.0 2762.0 674.0 2657.0 674.0 ship 0
2683.0 686.0 2787.0 686.0 2787.0 709.0 2683.0 709.0 ship 0
2464.0 463.0 2536.0 463.0 2536.0 500.0 2464.0 500.0 ship 0
2656.0 914.0 2748.0 914.0 2748.0 939.0 2656.0 939.0 ship 0
2460.0 164.0 2483.0 164.0 2483.0 222.0 2460.0 222.0 ship 0
2483.0 163.0 2508.0 163.0 2508.0 228.0 2483.0 228.0 ship 0
2565.0 161.0 2591.0 161.0 2591.0 227.0 2565.0 227.0 ship 0
2588.0 159.0 2612.0 159.0 2612.0 221.0 2588.0 221.0 ship 0
2641.0 185.0 2669.0 185.0 2669.0 260.0 2641.0 260.0 ship 0
2665.0 184.0 2699.0 184.0 2699.0 263.0 2665.0 263.0 ship 0
2544.0 373.0 2643.0 373.0 2643.0 404.0 2544.0 404.0 ship 0
2412.0 722.0 2565.0 722.0 2565.0 760.0 2412.0 760.0 ship 0
2460.0 856.0 2530.0 856.0 2530.0 878.0 2460.0 878.0 ship 0
2470.0 877.0 2532.0 877.0 2532.0 895.0 2470.0 895.0 ship 0
2466.0 891.0 2536.0 891.0 2536.0 920.0 2466.0 920.0 ship 0
2289.0 1443.0 2382.0 1443.0 2382.0 1489.0 2289.0 1489.0 ship 0
0.0 1226.0 27.0 1226.0 27.0 1300.0 0.0 1300.0 ship 0
2566.0 1766.0 2630.0 1766.0 2630.0 1805.0 2566.0 1805.0 ship 0
