829.0 250.0 885.0 250.0 885.0 327.0 829.0 327.0 ship 0
1663.0 1217.0 1733.0 1217.0 1733.0 1300.0 1663.0 1300.0 ship 0
499.0 1763.0 557.0 1763.0 557.0 1853.0 499.0 1853.0 ship 0
2287.0 2729.0 2363.0 2729.0 2363.0 2807.0 2287.0 2807.0 ship 0
1852.0 162.0 1875.0 162.0 1875.0 215.0 1852.0 215.0 ship 0
1985.0 325.0 2034.0 325.0 2034.0 377.0 1985.0 377.0 ship 0
2068.0 253.0 2121.0 253.0 2121.0 311.0 2068.0 311.0 ship 0
1865.0 69.0 1875.0 69.0 1875.0 104.0 1865.0 104.0 ship 0
1881.0 26.0 1893.0 26.0 1893.0 60.0 1881.0 60.0 ship 0
2638.0 91.0 2686.0 91.0 2686.0 103.0 2638.0 103.0 ship 0
2092.0 155.0 2113.0 155.0 2113.0 180.0 2092.0 180.0 ship 0
1699.0 164.0 1709.0 164.0 1709.0 184.0 1699.0 184.0 ship 0
1928.0 325.0 1954.0 325.0 1954.0 353.0 1928.0 353.0 ship 0
1730.0 283.0 1749.0 283.0 1749.0 310.0 1730.0 310.0 ship 0
2149.0 217.0 2169.0 217.0 2169.0 238.0 2149.0 238.0 ship 0
