39.0 462.0 95.0 462.0 95.0 551.0 39.0 551.0 ship 0
134.0 764.0 178.0 764.0 178.0 828.0 134.0 828.0 ship 0
171.0 700.0 235.0 700.0 235.0 797.0 171.0 797.0 ship 0
1481.0 409.0 1515.0 409.0 1515.0 449.0 1481.0 449.0 ship 0
1342.0 665.0 1388.0 665.0 1388.0 701.0 1342.0 701.0 ship 0
1823.0 1039.0 1883.0 1039.0 1883.0 1103.0 1823.0 1103.0 ship 0
2834.0 935.0 2870.0 935.0 2870.0 995.0 2834.0 995.0 ship 0
1490.0 2535.0 1554.0 2535.0 1554.0 2615.0 1490.0 2615.0 ship 0
2657.0 1995.0 2720.0 1995.0 2720.0 2074.0 2657.0 2074.0 ship 0
2922.0 1105.0 2948.0 1105.0 2948.0 1135.0 2922.0 1135.0 ship 0
2860.0 848.0 2870.0 848.0 2870.0 885.0 2860.0 885.0 ship 0
2876.0 806.0 2888.0 806.0 2888.0 840.0 2876.0 840.0 ship 0
2818.0 783.0 2823.0 783.0 2823.0 801.0 2818.0 801.0 ship 0
2810.0 868.0 2819.0 868.0 2819.0 896.0 2810.0 896.0 ship 0
2692.0 945.0 2703.0 945.0 2703.0 966.0 2692.0 966.0 ship 0
181.0 276.0 190.0 276.0 190.0 303.0 181.0 303.0 ship 0
362.0 13.0 391.0 13.0 391.0 34.0 362.0 34.0 ship 0
204.0 629.0 240.0 629.0 240.0 668.0 204.0 668.0 ship 0
129.0 598.0 166.0 598.0 166.0 642.0 129.0 642.0 ship 0
