954.0 2171.0 1029.0 2171.0 1029.0 2209.0 954.0 2209.0 ship 0
842.0 2078.0 906.0 2078.0 906.0 2130.0 842.0 2130.0 ship 0
772.0 1830.0 832.0 1830.0 832.0 1881.0 772.0 1881.0 ship 0
1197.0 1466.0 1247.0 1466.0 1247.0 1524.0 1197.0 1524.0 ship 0
1159.0 1380.0 1203.0 1380.0 1203.0 1440.0 1159.0 1440.0 ship 0
1029.0 1419.0 1083.0 1419.0 1083.0 1461.0 1029.0 1461.0 ship 0
1009.0 1286.0 1069.0 1286.0 1069.0 1329.0 1009.0 1329.0 ship 0
912.0 1237.0 977.0 1237.0 977.0 1295.0 912.0 1295.0 ship 0
960.0 1342.0 1009.0 1342.0 1009.0 1414.0 960.0 1414.0 ship 0
828.0 1419.0 876.0 1419.0 876.0 1453.0 828.0 1453.0 ship 0
1009.0 1151.0 1070.0 1151.0 1070.0 1201.0 1009.0 1201.0 ship 0
963.0 1068.0 1025.0 1068.0 1025.0 1121.0 963.0 1121.0 ship 0
1225.0 735.0 1279.0 735.0 1279.0 777.0 1225.0 777.0 ship 0
1245.0 686.0 1334.0 686.0 1334.0 729.0 1245.0 729.0 ship 0
1311.0 618.0 1390.0 618.0 1390.0 647.0 1311.0 647.0 ship 0
1414.0 781.0 1494.0 781.0 1494.0 825.0 1414.0 825.0 ship 0
1236.0 833.0 1343.0 833.0 1343.0 878.0 1236.0 878.0 ship 0
1027.0 947.0 1081.0 947.0 1081.0 992.0 1027.0 992.0 ship 0
83.0 249.0 113.0 249.0 113.0 257.0 83.0 257.0 ship 0
1368.0 572.0 1461.0 572.0 1461.0 607.0 1368.0 607.0 ship 0
1013.0 627.0 1067.0 627.0 1067.0 658.0 1013.0 658.0 ship 0
944.0 786.0 1006.0 786.0 1006.0 820.0 944.0 820.0 ship 0
1118.0 699.0 1221.0 699.0 1221.0 739.0 1118.0 739.0 ship 0
1157.0 624.0 1262.0 624.0 1262.0 663.0 1157.0 663.0 ship 0
862.0 982.0 912.0 982.0 912.0 1032.0 862.0 1032.0 ship 0
1312.0 1292.0 1453.0 1292.0 1453.0 1337.0 1312.0 1337.0 ship 0
1341.0 1456.0 1430.0 1456.0 1430.0 1493.0 1341.0 1493.0 ship 0
1028.0 1682.0 1145.0 1682.0 1145.0 1762.0 1028.0 1762.0 ship 0
1154.0 989.0 1311.0 989.0 1311.0 1053.0 1154.0 1053.0 ship 0
1409.0 916.0 1532.0 916.0 1532.0 979.0 1409.0 979.0 ship 0
1455.0 1006.0 1530.0 1006.0 1530.0 1031.0 1455.0 1031.0 ship 0
1418.0 1059.0 1520.0 1059.0 1520.0 1089.0 1418.0 1089.0 ship 0
1385.0 1113.0 1491.0 1113.0 1491.0 1148.0 1385.0 1148.0 ship 0
1409.0 1185.0 1496.0 1185.0 1496.0 1208.0 1409.0 1208.0 ship 0
1341.0 1372.0 1438.0 1372.0 1438.0 1401.0 1341.0 1401.0 ship 0
1420.0 1215.0 1517.0 1215.0 1517.0 1240.0 1420.0 1240.0 ship 0
1408.0 356.0 1427.0 356.0 1427.0 423.0 1408.0 423.0 ship 0
1307.0 301.0 1330.0 301.0 1330.0 375.0 1307.0 375.0 ship 0
1388.0 347.0 1407.0 347.0 1407.0 425.0 1388.0 425.0 ship 0
1270.0 315.0 1297.0 315.0 1297.0 374.0 1270.0 374.0 ship 0
1204.0 1195.0 1297.0 1195.0 1297.0 1234.0 1204.0 1234.0 ship 0
1138.0 2364.0 1219.0 2364.0 1219.0 2413.0 1138.0 2413.0 ship 0
2083.0 1755.0 2175.0 1755.0 2175.0 1790.0 2083.0 1790.0 ship 0
2125.0 1657.0 2212.0 1657.0 2212.0 1683.0 2125.0 1683.0 ship 0
2132.0 1621.0 2215.0 1621.0 2215.0 1648.0 2132.0 1648.0 ship 0
1987.0 886.0 2102.0 886.0 2102.0 913.0 1987.0 913.0 ship 0
1955.0 906.0 2093.0 906.0 2093.0 953.0 1955.0 953.0 ship 0
2007.0 841.0 2106.0 841.0 2106.0 865.0 2007.0 865.0 ship 0
2004.0 816.0 2090.0 816.0 2090.0 841.0 2004.0 841.0 ship 0
2017.0 867.0 2106.0 867.0 2106.0 892.0 2017.0 892.0 ship 0
1933.0 1037.0 2014.0 1037.0 2014.0 1067.0 1933.0 1067.0 ship 0
1942.0 1205.0 2023.0 1205.0 2023.0 1227.0 1942.0 1227.0 ship 0
1939.0 1221.0 2021.0 1221.0 2021.0 1246.0 1939.0 1246.0 ship 0
1913.0 1526.0 1999.0 1526.0 1999.0 1550.0 1913.0 1550.0 ship 0
1991.0 1558.0 2075.0 1558.0 2075.0 1586.0 1991.0 1586.0 ship 0
1910.0 1547.0 1993.0 1547.0 1993.0 1572.0 1910.0 1572.0 ship 0
1299.0 644.0 1393.0 644.0 1393.0 675.0 1299.0 675.0 ship 0
1419.0 608.0 1508.0 608.0 1508.0 638.0 1419.0 638.0 ship 0
1210.0 437.0 1238.0 437.0 1238.0 497.0 1210.0 497.0 ship 0
1236.0 434.0 1261.0 434.0 1261.0 498.0 1236.0 498.0 ship 0
1317.0 431.0 1341.0 431.0 1341.0 499.0 1317.0 499.0 ship 0
1343.0 426.0 1367.0 426.0 1367.0 492.0 1343.0 492.0 ship 0
1394.0 449.0 1424.0 449.0 1424.0 532.0 1394.0 532.0 ship 0
1419.0 458.0 1445.0 458.0 1445.0 528.0 1419.0 528.0 ship 0
1095.0 2084.0 1172.0 2084.0 1172.0 2132.0 1095.0 2132.0 ship 0
1320.0 2033.0 1378.0 2033.0 1378.0 2077.0 1320.0 2077.0 ship 0
1978.0 972.0 2049.0 972.0 2049.0 1006.0 1978.0 1006.0 ship 0
1953.0 1020.0 2030.0 1020.0 2030.0 1050.0 1953.0 1050.0 ship 0
1970.0 1002.0 2036.0 1002.0 2036.0 1039.0 1970.0 1039.0 ship 0
1924.0 1178.0 2011.0 1178.0 2011.0 1206.0 1924.0 1206.0 ship 0
1936.0 1161.0 2017.0 1161.0 2017.0 1189.0 1936.0 1189.0 ship 0
1942.0 1140.0 2023.0 1140.0 2023.0 1167.0 1942.0 1167.0 ship 0
2157.0 746.0 2232.0 746.0 2232.0 768.0 2157.0 768.0 ship 0
2153.0 770.0 2240.0 770.0 2240.0 788.0 2153.0 788.0 ship 0
2163.0 790.0 2249.0 790.0 2249.0 810.0 2163.0 810.0 ship 0
2190.0 826.0 2255.0 826.0 2255.0 851.0 2190.0 851.0 ship 0
2160.0 837.0 2244.0 837.0 2244.0 864.0 2160.0 864.0 ship 0
2149.0 854.0 2233.0 854.0 2233.0 888.0 2149.0 888.0 ship 0
1953.0 1102.0 2071.0 1102.0 2071.0 1146.0 1953.0 1146.0 ship 0
1987.0 1298.0 2088.0 1298.0 2088.0 1334.0 1987.0 1334.0 ship 0
