347.0 698.0 403.0 698.0 403.0 744.0 347.0 744.0 ARJ21 0
338.0 571.0 385.0 571.0 385.0 649.0 338.0 649.0 other 0
352.0 898.0 406.0 898.0 406.0 973.0 352.0 973.0 ARJ21 0
639.0 867.0 736.0 867.0 736.0 968.0 639.0 968.0 other 0
742.0 879.0 802.0 879.0 802.0 953.0 742.0 953.0 A220 0
592.0 276.0 680.0 276.0 680.0 362.0 592.0 362.0 Boeing737 0
689.0 272.0 755.0 272.0 755.0 355.0 689.0 355.0 other 0
757.0 263.0 800.0 263.0 800.0 345.0 757.0 345.0 ARJ21 0
718.0 544.0 795.0 544.0 795.0 650.0 718.0 650.0 other 0
740.0 665.0 793.0 665.0 793.0 736.0 740.0 736.0 ARJ21 0
647.0 574.0 695.0 574.0 695.0 640.0 647.0 640.0 other 0
517.0 578.0 565.0 578.0 565.0 647.0 517.0 647.0 other 0
415.0 587.0 492.0 587.0 492.0 657.0 415.0 657.0 other 0
