751.0 77.0 823.0 77.0 823.0 154.0 751.0 154.0 ARJ21 0
685.0 88.0 756.0 88.0 756.0 167.0 685.0 167.0 other 0
588.0 87.0 677.0 87.0 677.0 168.0 588.0 168.0 Boeing737 0
737.0 476.0 792.0 476.0 792.0 540.0 737.0 540.0 ARJ21 0
724.0 357.0 796.0 357.0 796.0 449.0 724.0 449.0 other 0
510.0 374.0 576.0 374.0 576.0 451.0 510.0 451.0 other 0
426.0 390.0 488.0 390.0 488.0 458.0 426.0 458.0 other 0
336.0 382.0 403.0 382.0 403.0 456.0 336.0 456.0 other 0
340.0 508.0 400.0 508.0 400.0 560.0 340.0 560.0 ARJ21 0
743.0 687.0 813.0 687.0 813.0 758.0 743.0 758.0 A220 0
347.0 709.0 425.0 709.0 425.0 780.0 347.0 780.0 ARJ21 0
913.0 952.0 999.0 952.0 999.0 999.0 913.0 999.0 Boeing787 0
649.0 372.0 709.0 372.0 709.0 435.0 649.0 435.0 other 0
636.0 682.0 734.0 682.0 734.0 776.0 636.0 776.0 other 0
