343.0 339.0 454.0 339.0 454.0 425.0 343.0 425.0 A220 0
142.0 69.0 222.0 69.0 222.0 124.0 142.0 124.0 A220 0
233.0 66.0 301.0 66.0 301.0 124.0 233.0 124.0 A320/321 0
450.0 36.0 530.0 36.0 530.0 96.0 450.0 96.0 A220 0
361.0 39.0 440.0 39.0 440.0 99.0 361.0 99.0 other 0
649.0 353.0 749.0 353.0 749.0 417.0 649.0 417.0 Boeing787 0
484.0 339.0 571.0 339.0 571.0 439.0 484.0 439.0 Boeing787 0
209.0 343.0 292.0 343.0 292.0 430.0 209.0 430.0 other 0
53.0 70.0 135.0 70.0 135.0 138.0 53.0 138.0 ARJ21 0
711.0 35.0 797.0 35.0 797.0 116.0 711.0 116.0 other 0
