260.0 73.0 362.0 73.0 362.0 143.0 260.0 143.0 A220 0
466.0 25.0 534.0 25.0 534.0 117.0 466.0 117.0 Boeing737 0
595.0 282.0 658.0 282.0 658.0 383.0 595.0 383.0 other 0
704.0 260.0 780.0 260.0 780.0 375.0 704.0 375.0 A320/321 0
504.0 296.0 576.0 296.0 576.0 395.0 504.0 395.0 A220 0
845.0 304.0 908.0 304.0 908.0 390.0 845.0 390.0 A320/321 0
981.0 269.0 1050.0 269.0 1050.0 376.0 981.0 376.0 A320/321 0
1012.0 651.0 1126.0 651.0 1126.0 714.0 1012.0 714.0 Boeing737 0
879.0 666.0 973.0 666.0 973.0 776.0 879.0 776.0 A320/321 0
1059.0 611.0 1152.0 611.0 1152.0 672.0 1059.0 672.0 A320/321 0
424.0 1007.0 531.0 1007.0 531.0 1116.0 424.0 1116.0 A320/321 0
925.0 1336.0 1027.0 1336.0 1027.0 1445.0 925.0 1445.0 A220 0
414.0 1174.0 524.0 1174.0 524.0 1264.0 414.0 1264.0 A320/321 0
