1105.0 448.0 1169.0 448.0 1169.0 513.0 1105.0 513.0 A220 0
216.0 1295.0 326.0 1295.0 326.0 1388.0 216.0 1388.0 other 0
328.0 1315.0 393.0 1315.0 393.0 1376.0 328.0 1376.0 A220 0
205.0 979.0 304.0 979.0 304.0 1064.0 205.0 1064.0 other 0
93.0 995.0 179.0 995.0 179.0 1068.0 93.0 1068.0 other 0
489.0 681.0 580.0 681.0 580.0 776.0 489.0 776.0 Boeing737 0
409.0 692.0 475.0 692.0 475.0 779.0 409.0 779.0 ARJ21 0
179.0 696.0 262.0 696.0 262.0 791.0 179.0 791.0 other 0
97.0 702.0 176.0 702.0 176.0 793.0 97.0 793.0 Boeing737 0
7.0 706.0 91.0 706.0 91.0 796.0 7.0 796.0 Boeing737 0
