235.0 1128.0 283.0 1128.0 283.0 1182.0 235.0 1182.0 ARJ21 0
331.0 1346.0 377.0 1346.0 377.0 1405.0 331.0 1405.0 A220 0
408.0 1342.0 460.0 1342.0 460.0 1404.0 408.0 1404.0 A320/321 0
239.0 1343.0 300.0 1343.0 300.0 1406.0 239.0 1406.0 ARJ21 0
228.0 1014.0 267.0 1014.0 267.0 1078.0 228.0 1078.0 other 0
305.0 1013.0 354.0 1013.0 354.0 1081.0 305.0 1081.0 other 0
398.0 1007.0 446.0 1007.0 446.0 1071.0 398.0 1071.0 other 0
526.0 1005.0 576.0 1005.0 576.0 1064.0 526.0 1064.0 other 0
615.0 999.0 663.0 999.0 663.0 1063.0 615.0 1063.0 other 0
708.0 709.0 788.0 709.0 788.0 786.0 708.0 786.0 ARJ21 0
797.0 694.0 856.0 694.0 856.0 784.0 797.0 784.0 Boeing737 0
1224.0 354.0 1297.0 354.0 1297.0 461.0 1224.0 461.0 Boeing737 0
53.0 26.0 109.0 26.0 109.0 65.0 53.0 65.0 other 0
