262.0 114.0 334.0 114.0 334.0 194.0 262.0 194.0 ARJ21 0
351.0 117.0 413.0 117.0 413.0 187.0 351.0 187.0 A220 0
440.0 111.0 498.0 111.0 498.0 183.0 440.0 183.0 A320/321 0
564.0 92.0 643.0 92.0 643.0 167.0 564.0 167.0 other 0
648.0 85.0 728.0 85.0 728.0 157.0 648.0 157.0 A220 0
407.0 390.0 508.0 390.0 508.0 506.0 407.0 506.0 other 0
545.0 394.0 659.0 394.0 659.0 494.0 545.0 494.0 A220 0
691.0 388.0 781.0 388.0 781.0 495.0 691.0 495.0 Boeing787 0
853.0 413.0 935.0 413.0 935.0 489.0 853.0 489.0 Boeing787 0
987.0 382.0 1082.0 382.0 1082.0 473.0 987.0 473.0 A220 0
