1293.0 1139.0 1404.0 1139.0 1404.0 1225.0 1293.0 1225.0 A220 0
1092.0 869.0 1172.0 869.0 1172.0 924.0 1092.0 924.0 A220 0
1183.0 866.0 1251.0 866.0 1251.0 924.0 1183.0 924.0 A320/321 0
1400.0 836.0 1480.0 836.0 1480.0 896.0 1400.0 896.0 A220 0
1311.0 839.0 1390.0 839.0 1390.0 899.0 1311.0 899.0 other 0
1381.0 515.0 1471.0 515.0 1471.0 593.0 1381.0 593.0 other 0
1305.0 527.0 1388.0 527.0 1388.0 597.0 1305.0 597.0 other 0
1305.0 640.0 1379.0 640.0 1379.0 702.0 1305.0 702.0 A220 0
1172.0 643.0 1254.0 643.0 1254.0 707.0 1172.0 707.0 ARJ21 0
1002.0 652.0 1071.0 652.0 1071.0 709.0 1002.0 709.0 ARJ21 0
1386.0 637.0 1475.0 637.0 1475.0 699.0 1386.0 699.0 ARJ21 0
1259.0 241.0 1335.0 241.0 1335.0 332.0 1259.0 332.0 Boeing737 0
1343.0 235.0 1420.0 235.0 1420.0 328.0 1343.0 328.0 other 0
1078.0 251.0 1181.0 251.0 1181.0 341.0 1078.0 341.0 Boeing737 0
994.0 251.0 1073.0 251.0 1073.0 334.0 994.0 334.0 A320/321 0
1080.0 642.0 1161.0 642.0 1161.0 727.0 1080.0 727.0 Boeing737 0
1434.0 1139.0 1499.0 1139.0 1499.0 1239.0 1434.0 1239.0 Boeing787 0
1159.0 1143.0 1242.0 1143.0 1242.0 1230.0 1159.0 1230.0 other 0
1086.0 545.0 1154.0 545.0 1154.0 597.0 1086.0 597.0 other 0
994.0 547.0 1062.0 547.0 1062.0 611.0 994.0 611.0 other 0
1166.0 541.0 1233.0 541.0 1233.0 607.0 1166.0 607.0 other 0
1003.0 870.0 1085.0 870.0 1085.0 938.0 1003.0 938.0 ARJ21 0
