1118.0 449.0 1202.0 449.0 1202.0 537.0 1118.0 537.0 other 0
1237.0 838.0 1349.0 838.0 1349.0 911.0 1237.0 911.0 other 0
1350.0 828.0 1450.0 828.0 1450.0 910.0 1350.0 910.0 A320/321 0
1166.0 855.0 1259.0 855.0 1259.0 930.0 1166.0 930.0 A220 0
1271.0 1250.0 1353.0 1250.0 1353.0 1336.0 1271.0 1336.0 other 0
1395.0 151.0 1478.0 151.0 1478.0 241.0 1395.0 241.0 other 0
1204.0 168.0 1286.0 168.0 1286.0 271.0 1204.0 271.0 Boeing737 0
1110.0 176.0 1196.0 176.0 1196.0 267.0 1110.0 267.0 Boeing737 0
962.0 239.0 1029.0 239.0 1029.0 300.0 962.0 300.0 A220 0
907.0 391.0 995.0 391.0 995.0 452.0 907.0 452.0 A220 0
1420.0 1213.0 1499.0 1213.0 1499.0 1319.0 1420.0 1319.0 Boeing787 0
1134.0 1329.0 1267.0 1329.0 1267.0 1437.0 1134.0 1437.0 A330 0
965.0 706.0 1065.0 706.0 1065.0 796.0 965.0 796.0 A220 0
