456.0 145.0 508.0 145.0 508.0 221.0 456.0 221.0 other 0
539.0 142.0 599.0 142.0 599.0 213.0 539.0 213.0 other 0
622.0 140.0 678.0 140.0 678.0 210.0 622.0 210.0 other 0
760.0 132.0 799.0 132.0 799.0 196.0 760.0 196.0 other 0
461.0 252.0 516.0 252.0 516.0 305.0 461.0 305.0 ARJ21 0
534.0 244.0 606.0 244.0 606.0 326.0 534.0 326.0 Boeing737 0
632.0 245.0 690.0 245.0 690.0 308.0 632.0 308.0 ARJ21 0
462.0 464.0 534.0 464.0 534.0 544.0 462.0 544.0 ARJ21 0
551.0 467.0 613.0 467.0 613.0 537.0 551.0 537.0 A220 0
640.0 461.0 698.0 461.0 698.0 533.0 640.0 533.0 A320/321 0
