56.0 145.0 108.0 145.0 108.0 221.0 56.0 221.0 other 0
139.0 142.0 199.0 142.0 199.0 213.0 139.0 213.0 other 0
222.0 140.0 278.0 140.0 278.0 210.0 222.0 210.0 other 0
360.0 132.0 415.0 132.0 415.0 196.0 360.0 196.0 other 0
434.0 124.0 510.0 124.0 510.0 197.0 434.0 197.0 other 0
61.0 252.0 116.0 252.0 116.0 305.0 61.0 305.0 ARJ21 0
134.0 244.0 206.0 244.0 206.0 326.0 134.0 326.0 Boeing737 0
232.0 245.0 290.0 245.0 290.0 308.0 232.0 308.0 ARJ21 0
356.0 238.0 433.0 238.0 433.0 304.0 356.0 304.0 A220 0
451.0 238.0 513.0 238.0 513.0 299.0 451.0 299.0 ARJ21 0
62.0 464.0 134.0 464.0 134.0 544.0 62.0 544.0 ARJ21 0
151.0 467.0 213.0 467.0 213.0 537.0 151.0 537.0 A220 0
240.0 461.0 298.0 461.0 298.0 533.0 240.0 533.0 A320/321 0
364.0 442.0 443.0 442.0 443.0 517.0 364.0 517.0 other 0
448.0 435.0 528.0 435.0 528.0 507.0 448.0 507.0 A220 0
