543.0 1139.0 654.0 1139.0 654.0 1225.0 543.0 1225.0 A220 0
342.0 869.0 422.0 869.0 422.0 924.0 342.0 924.0 A220 0
433.0 866.0 501.0 866.0 501.0 924.0 433.0 924.0 A320/321 0
650.0 836.0 730.0 836.0 730.0 896.0 650.0 896.0 A220 0
561.0 839.0 640.0 839.0 640.0 899.0 561.0 899.0 other 0
631.0 515.0 721.0 515.0 721.0 593.0 631.0 593.0 other 0
555.0 539.0 624.0 539.0 624.0 597.0 555.0 597.0 other 0
555.0 640.0 629.0 640.0 629.0 702.0 555.0 702.0 A220 0
422.0 643.0 504.0 643.0 504.0 707.0 422.0 707.0 ARJ21 0
252.0 652.0 321.0 652.0 321.0 709.0 252.0 709.0 ARJ21 0
636.0 637.0 725.0 637.0 725.0 699.0 636.0 699.0 ARJ21 0
849.0 1153.0 949.0 1153.0 949.0 1217.0 849.0 1217.0 other 0
509.0 241.0 585.0 241.0 585.0 332.0 509.0 332.0 Boeing737 0
593.0 235.0 670.0 235.0 670.0 328.0 593.0 328.0 other 0
328.0 252.0 431.0 252.0 431.0 341.0 328.0 341.0 Boeing737 0
244.0 252.0 323.0 252.0 323.0 335.0 244.0 335.0 A320/321 0
906.0 586.0 1019.0 586.0 1019.0 659.0 906.0 659.0 other 0
913.0 668.0 1025.0 668.0 1025.0 742.0 913.0 742.0 other 0
914.0 513.0 1008.0 513.0 1008.0 577.0 914.0 577.0 other 0
330.0 642.0 411.0 642.0 411.0 727.0 330.0 727.0 Boeing737 0
740.0 237.0 828.0 237.0 828.0 321.0 740.0 321.0 ARJ21 0
1280.0 121.0 1403.0 121.0 1403.0 213.0 1280.0 213.0 other 0
684.0 1139.0 771.0 1139.0 771.0 1239.0 684.0 1239.0 Boeing787 0
409.0 1143.0 492.0 1143.0 492.0 1230.0 409.0 1230.0 other 0
986.0 1137.0 1079.0 1137.0 1079.0 1197.0 986.0 1197.0 A220 0
336.0 545.0 404.0 545.0 404.0 597.0 336.0 597.0 other 0
244.0 547.0 312.0 547.0 312.0 611.0 244.0 611.0 other 0
416.0 541.0 483.0 541.0 483.0 607.0 416.0 607.0 other 0
253.0 870.0 335.0 870.0 335.0 938.0 253.0 938.0 ARJ21 0
911.0 835.0 997.0 835.0 997.0 916.0 911.0 916.0 other 0
