729.0 90.0 851.0 90.0 851.0 175.0 729.0 175.0 A320/321 0
487.0 88.0 599.0 88.0 599.0 161.0 487.0 161.0 other 0
600.0 78.0 700.0 78.0 700.0 160.0 600.0 160.0 A320/321 0
416.0 105.0 509.0 105.0 509.0 180.0 416.0 180.0 A220 0
521.0 500.0 603.0 500.0 603.0 585.0 521.0 585.0 other 0
896.0 86.0 983.0 86.0 983.0 146.0 896.0 146.0 A320/321 0
684.0 1131.0 838.0 1131.0 838.0 1239.0 684.0 1239.0 other 0
528.0 1169.0 683.0 1169.0 683.0 1266.0 528.0 1266.0 A320/321 0
986.0 236.0 1061.0 236.0 1061.0 299.0 986.0 299.0 A220 0
985.0 158.0 1049.0 158.0 1049.0 226.0 985.0 226.0 A220 0
965.0 400.0 1058.0 400.0 1058.0 479.0 965.0 479.0 A320/321 0
800.0 458.0 890.0 458.0 890.0 557.0 800.0 557.0 A320/321 0
670.0 463.0 752.0 463.0 752.0 569.0 670.0 569.0 Boeing787 0
913.0 462.0 998.0 462.0 998.0 524.0 913.0 524.0 Boeing737 0
384.0 579.0 517.0 579.0 517.0 687.0 384.0 687.0 A330 0
343.0 749.0 518.0 749.0 518.0 888.0 343.0 888.0 A320/321 0
354.0 911.0 554.0 911.0 554.0 1061.0 354.0 1061.0 A320/321 0
1074.0 1233.0 1129.0 1233.0 1129.0 1280.0 1074.0 1280.0 A220 0
840.0 1148.0 967.0 1148.0 967.0 1245.0 840.0 1245.0 A320/321 0
981.0 1153.0 1083.0 1153.0 1083.0 1259.0 981.0 1259.0 A220 0
