236.0 568.0 291.0 568.0 291.0 623.0 236.0 623.0 A220 0
235.0 463.0 280.0 463.0 280.0 518.0 235.0 518.0 A220 0
211.0 230.0 271.0 230.0 271.0 264.0 211.0 264.0 A220 0
218.0 278.0 275.0 278.0 275.0 304.0 218.0 304.0 other 0
245.0 300.0 282.0 300.0 282.0 340.0 245.0 340.0 A220 0
250.0 918.0 302.0 918.0 302.0 975.0 250.0 975.0 A220 0
261.0 1019.0 307.0 1019.0 307.0 1073.0 261.0 1073.0 A220 0
283.0 1069.0 349.0 1069.0 349.0 1103.0 283.0 1103.0 other 0
561.0 851.0 675.0 851.0 675.0 935.0 561.0 935.0 other 0
564.0 591.0 648.0 591.0 648.0 687.0 564.0 687.0 other 0
