1089.0 177.0 1162.0 177.0 1162.0 265.0 1089.0 265.0 other 0
971.0 272.0 1047.0 272.0 1047.0 354.0 971.0 354.0 other 0
842.0 389.0 930.0 389.0 930.0 476.0 842.0 476.0 other 0
719.0 480.0 811.0 480.0 811.0 569.0 719.0 569.0 other 0
614.0 566.0 695.0 566.0 695.0 649.0 614.0 649.0 Boeing787 0
323.0 312.0 421.0 312.0 421.0 397.0 323.0 397.0 Boeing787 0
124.0 438.0 234.0 438.0 234.0 552.0 124.0 552.0 Boeing737 0
255.0 717.0 395.0 717.0 395.0 830.0 255.0 830.0 other 0
18.0 1113.0 104.0 1113.0 104.0 1184.0 18.0 1184.0 Boeing737 0
225.0 409.0 316.0 409.0 316.0 492.0 225.0 492.0 Boeing787 0
