574.0 882.0 689.0 882.0 689.0 1003.0 574.0 1003.0 other 0
491.0 905.0 570.0 905.0 570.0 1006.0 491.0 1006.0 A220 0
693.0 862.0 786.0 862.0 786.0 1007.0 693.0 1007.0 A320/321 0
970.0 887.0 1060.0 887.0 1060.0 986.0 970.0 986.0 A320/321 0
829.0 908.0 942.0 908.0 942.0 997.0 829.0 997.0 A320/321 0
441.0 621.0 537.0 621.0 537.0 733.0 441.0 733.0 Boeing737 0
525.0 207.0 624.0 207.0 624.0 305.0 525.0 305.0 Boeing737 0
711.0 204.0 828.0 204.0 828.0 309.0 711.0 309.0 other 0
256.0 674.0 355.0 674.0 355.0 747.0 256.0 747.0 A220 0
243.0 603.0 338.0 603.0 338.0 669.0 243.0 669.0 A220 0
241.0 346.0 350.0 346.0 350.0 429.0 241.0 429.0 A220 0
