737.0 226.0 792.0 226.0 792.0 290.0 737.0 290.0 ARJ21 0
724.0 107.0 796.0 107.0 796.0 199.0 724.0 199.0 other 0
510.0 124.0 576.0 124.0 576.0 201.0 510.0 201.0 other 0
426.0 140.0 488.0 140.0 488.0 208.0 426.0 208.0 other 0
336.0 132.0 403.0 132.0 403.0 206.0 336.0 206.0 other 0
340.0 258.0 400.0 258.0 400.0 310.0 340.0 310.0 ARJ21 0
743.0 437.0 813.0 437.0 813.0 508.0 743.0 508.0 A220 0
347.0 459.0 425.0 459.0 425.0 530.0 347.0 530.0 ARJ21 0
913.0 702.0 1007.0 702.0 1007.0 761.0 913.0 761.0 Boeing787 0
649.0 122.0 709.0 122.0 709.0 185.0 649.0 185.0 other 0
636.0 432.0 734.0 432.0 734.0 526.0 636.0 526.0 other 0
460.0 736.0 614.0 736.0 614.0 829.0 460.0 829.0 other 0
