631.0 1265.0 721.0 1265.0 721.0 1343.0 631.0 1343.0 other 0
555.0 1289.0 624.0 1289.0 624.0 1347.0 555.0 1347.0 other 0
555.0 1390.0 629.0 1390.0 629.0 1452.0 555.0 1452.0 A220 0
422.0 1393.0 504.0 1393.0 504.0 1457.0 422.0 1457.0 ARJ21 0
252.0 1402.0 321.0 1402.0 321.0 1459.0 252.0 1459.0 ARJ21 0
636.0 1387.0 725.0 1387.0 725.0 1449.0 636.0 1449.0 ARJ21 0
1263.0 638.0 1359.0 638.0 1359.0 727.0 1263.0 727.0 Boeing737 0
1074.0 633.0 1147.0 633.0 1147.0 719.0 1074.0 719.0 Boeing737 0
509.0 991.0 585.0 991.0 585.0 1082.0 509.0 1082.0 Boeing737 0
593.0 985.0 670.0 985.0 670.0 1078.0 593.0 1078.0 other 0
328.0 1002.0 431.0 1002.0 431.0 1091.0 328.0 1091.0 Boeing737 0
244.0 1002.0 323.0 1002.0 323.0 1085.0 244.0 1085.0 A320/321 0
97.0 254.0 148.0 254.0 148.0 291.0 97.0 291.0 ARJ21 0
83.0 199.0 140.0 199.0 140.0 236.0 83.0 236.0 ARJ21 0
85.0 309.0 145.0 309.0 145.0 349.0 85.0 349.0 other 0
91.0 364.0 154.0 364.0 154.0 402.0 91.0 402.0 other 0
82.0 142.0 136.0 142.0 136.0 180.0 82.0 180.0 other 0
906.0 1336.0 1019.0 1336.0 1019.0 1409.0 906.0 1409.0 other 0
913.0 1418.0 1025.0 1418.0 1025.0 1492.0 913.0 1492.0 other 0
914.0 1263.0 1008.0 1263.0 1008.0 1327.0 914.0 1327.0 other 0
330.0 1392.0 411.0 1392.0 411.0 1477.0 330.0 1477.0 Boeing737 0
740.0 987.0 828.0 987.0 828.0 1071.0 740.0 1071.0 ARJ21 0
1280.0 871.0 1403.0 871.0 1403.0 963.0 1280.0 963.0 other 0
336.0 1295.0 404.0 1295.0 404.0 1347.0 336.0 1347.0 other 0
244.0 1297.0 312.0 1297.0 312.0 1361.0 244.0 1361.0 other 0
416.0 1291.0 483.0 1291.0 483.0 1357.0 416.0 1357.0 other 0
