467.0 26.0 573.0 26.0 573.0 90.0 467.0 90.0 Boeing737 0
554.0 1.0 649.0 1.0 649.0 68.0 554.0 68.0 A220 0
774.0 1.0 868.0 1.0 868.0 60.0 774.0 60.0 Boeing787 0
1077.0 369.0 1154.0 369.0 1154.0 456.0 1077.0 456.0 A220 0
1073.0 290.0 1151.0 290.0 1151.0 371.0 1073.0 371.0 A220 0
1061.0 1182.0 1143.0 1182.0 1143.0 1259.0 1061.0 1259.0 A220 0
1216.0 1320.0 1328.0 1320.0 1328.0 1391.0 1216.0 1391.0 other 0
907.0 1.0 992.0 1.0 992.0 91.0 907.0 91.0 Boeing787 0
635.0 13.0 723.0 13.0 723.0 104.0 635.0 104.0 other 0
1036.0 872.0 1144.0 872.0 1144.0 969.0 1036.0 969.0 A220 0
1039.0 991.0 1141.0 991.0 1141.0 1074.0 1039.0 1074.0 A220 0
1068.0 1304.0 1157.0 1304.0 1157.0 1382.0 1068.0 1382.0 A220 0
1073.0 461.0 1154.0 461.0 1154.0 554.0 1073.0 554.0 A220 0
