751.0 577.0 823.0 577.0 823.0 654.0 751.0 654.0 ARJ21 0
685.0 588.0 756.0 588.0 756.0 667.0 685.0 667.0 other 0
588.0 587.0 677.0 587.0 677.0 668.0 588.0 668.0 Boeing737 0
737.0 976.0 792.0 976.0 792.0 1040.0 737.0 1040.0 ARJ21 0
724.0 857.0 796.0 857.0 796.0 949.0 724.0 949.0 other 0
510.0 874.0 576.0 874.0 576.0 951.0 510.0 951.0 other 0
426.0 890.0 488.0 890.0 488.0 958.0 426.0 958.0 other 0
336.0 882.0 403.0 882.0 403.0 956.0 336.0 956.0 other 0
340.0 1008.0 400.0 1008.0 400.0 1060.0 340.0 1060.0 ARJ21 0
743.0 1187.0 813.0 1187.0 813.0 1258.0 743.0 1258.0 A220 0
347.0 1209.0 425.0 1209.0 425.0 1280.0 347.0 1280.0 ARJ21 0
913.0 1452.0 1007.0 1452.0 1007.0 1499.0 913.0 1499.0 Boeing787 0
649.0 872.0 709.0 872.0 709.0 935.0 649.0 935.0 other 0
636.0 1182.0 734.0 1182.0 734.0 1276.0 636.0 1276.0 other 0
