542.0 469.0 622.0 469.0 622.0 524.0 542.0 524.0 A220 0
633.0 466.0 701.0 466.0 701.0 524.0 633.0 524.0 A320/321 0
622.0 243.0 704.0 243.0 704.0 307.0 622.0 307.0 ARJ21 0
452.0 252.0 521.0 252.0 521.0 309.0 452.0 309.0 ARJ21 0
530.0 242.0 611.0 242.0 611.0 327.0 530.0 327.0 Boeing737 0
609.0 743.0 692.0 743.0 692.0 799.0 609.0 799.0 other 0
536.0 145.0 604.0 145.0 604.0 197.0 536.0 197.0 other 0
444.0 147.0 512.0 147.0 512.0 211.0 444.0 211.0 other 0
616.0 141.0 683.0 141.0 683.0 207.0 616.0 207.0 other 0
453.0 470.0 535.0 470.0 535.0 538.0 453.0 538.0 ARJ21 0
