1012.0 51.0 1126.0 51.0 1126.0 114.0 1012.0 114.0 Boeing737 0
879.0 66.0 973.0 66.0 973.0 176.0 879.0 176.0 A320/321 0
1059.0 11.0 1152.0 11.0 1152.0 72.0 1059.0 72.0 A320/321 0
424.0 407.0 531.0 407.0 531.0 516.0 424.0 516.0 A320/321 0
925.0 736.0 1027.0 736.0 1027.0 845.0 925.0 845.0 A220 0
414.0 574.0 524.0 574.0 524.0 664.0 414.0 664.0 A320/321 0
1023.0 1129.0 1137.0 1129.0 1137.0 1199.0 1023.0 1199.0 Boeing737 0
889.0 1126.0 989.0 1126.0 989.0 1199.0 889.0 1199.0 other 0
738.0 1137.0 848.0 1137.0 848.0 1199.0 738.0 1199.0 Boeing787 0
650.0 1141.0 731.0 1141.0 731.0 1199.0 650.0 1199.0 A220 0
