285.0 175.0 445.0 175.0 445.0 286.0 285.0 286.0 Boeing737 0
424.0 88.0 572.0 88.0 572.0 197.0 424.0 197.0 Boeing737 0
1141.0 69.0 1199.0 69.0 1199.0 155.0 1141.0 155.0 Boeing737 0
1092.0 122.0 1191.0 122.0 1191.0 204.0 1092.0 204.0 Boeing737 0
1038.0 184.0 1107.0 184.0 1107.0 254.0 1038.0 254.0 Boeing737 0
962.0 237.0 1056.0 237.0 1056.0 311.0 962.0 311.0 Boeing737 0
811.0 341.0 933.0 341.0 933.0 416.0 811.0 416.0 Boeing737 0
735.0 414.0 843.0 414.0 843.0 502.0 735.0 502.0 Boeing737 0
331.0 769.0 418.0 769.0 418.0 857.0 331.0 857.0 Boeing737 0
248.0 852.0 332.0 852.0 332.0 922.0 248.0 922.0 Boeing737 0
87.0 933.0 239.0 933.0 239.0 1053.0 87.0 1053.0 other 0
