952.0 1102.0 1066.0 1102.0 1066.0 1199.0 952.0 1199.0 Boeing737 0
673.0 27.0 746.0 27.0 746.0 112.0 673.0 112.0 Boeing787 0
347.0 307.0 501.0 307.0 501.0 434.0 347.0 434.0 A320/321 0
355.0 471.0 512.0 471.0 512.0 595.0 355.0 595.0 A320/321 0
692.0 693.0 819.0 693.0 819.0 810.0 692.0 810.0 other 0
834.0 693.0 960.0 693.0 960.0 812.0 834.0 812.0 A320/321 0
793.0 1104.0 906.0 1104.0 906.0 1199.0 793.0 1199.0 other 0
670.0 1097.0 757.0 1097.0 757.0 1199.0 670.0 1199.0 Boeing787 0
572.0 1094.0 645.0 1094.0 645.0 1186.0 572.0 1186.0 A220 0
814.0 22.0 884.0 22.0 884.0 102.0 814.0 102.0 A320/321 0
