957.0 266.0 999.0 266.0 999.0 346.0 957.0 346.0 ARJ21 0
589.0 262.0 655.0 262.0 655.0 312.0 589.0 312.0 Boeing737 0
469.0 572.0 529.0 572.0 529.0 639.0 469.0 639.0 other 0
557.0 565.0 608.0 565.0 608.0 639.0 557.0 639.0 other 0
638.0 563.0 700.0 563.0 700.0 639.0 638.0 639.0 other 0
775.0 559.0 824.0 559.0 824.0 629.0 775.0 629.0 other 0
852.0 555.0 922.0 555.0 922.0 625.0 852.0 625.0 other 0
473.0 692.0 527.0 692.0 527.0 748.0 473.0 748.0 ARJ21 0
476.0 896.0 545.0 896.0 545.0 964.0 476.0 964.0 ARJ21 0
575.0 900.0 626.0 900.0 626.0 961.0 575.0 961.0 A220 0
661.0 900.0 715.0 900.0 715.0 958.0 661.0 958.0 A320/321 0
