335.0 902.0 431.0 902.0 431.0 988.0 335.0 988.0 Boeing737 0
433.0 843.0 531.0 843.0 531.0 911.0 433.0 911.0 Boeing737 0
559.0 733.0 652.0 733.0 652.0 801.0 559.0 801.0 Boeing737 0
637.0 691.0 711.0 691.0 711.0 752.0 637.0 752.0 Boeing737 0
695.0 627.0 775.0 627.0 775.0 693.0 695.0 693.0 Boeing737 0
759.0 573.0 842.0 573.0 842.0 655.0 759.0 655.0 Boeing737 0
816.0 513.0 905.0 513.0 905.0 590.0 816.0 590.0 Boeing737 0
869.0 467.0 971.0 467.0 971.0 545.0 869.0 545.0 Boeing737 0
21.0 593.0 134.0 593.0 134.0 676.0 21.0 676.0 Boeing737 0
261.0 334.0 358.0 334.0 358.0 429.0 261.0 429.0 A330 0
