31.0 426.0 151.0 426.0 151.0 526.0 31.0 526.0 A330 0
616.0 88.0 687.0 88.0 687.0 146.0 616.0 146.0 Boeing737 0
940.0 289.0 1037.0 289.0 1037.0 370.0 940.0 370.0 Boeing737 0
1075.0 205.0 1173.0 205.0 1173.0 291.0 1075.0 291.0 Boeing737 0
633.0 545.0 742.0 545.0 742.0 640.0 633.0 640.0 Boeing737 0
596.0 589.0 688.0 589.0 688.0 691.0 596.0 691.0 Boeing737 0
541.0 669.0 647.0 669.0 647.0 755.0 541.0 755.0 Boeing737 0
492.0 722.0 591.0 722.0 591.0 804.0 492.0 804.0 Boeing737 0
438.0 784.0 507.0 784.0 507.0 854.0 438.0 854.0 Boeing737 0
362.0 837.0 456.0 837.0 456.0 911.0 362.0 911.0 Boeing737 0
211.0 941.0 333.0 941.0 333.0 1016.0 211.0 1016.0 Boeing737 0
135.0 1014.0 243.0 1014.0 243.0 1102.0 135.0 1102.0 Boeing737 0
