135.0 175.0 295.0 175.0 295.0 286.0 135.0 286.0 Boeing737 0
274.0 88.0 422.0 88.0 422.0 197.0 274.0 197.0 Boeing737 0
991.0 69.0 1097.0 69.0 1097.0 155.0 991.0 155.0 Boeing737 0
942.0 122.0 1041.0 122.0 1041.0 204.0 942.0 204.0 Boeing737 0
888.0 184.0 957.0 184.0 957.0 254.0 888.0 254.0 Boeing737 0
812.0 237.0 906.0 237.0 906.0 311.0 812.0 311.0 Boeing737 0
661.0 341.0 783.0 341.0 783.0 416.0 661.0 416.0 Boeing737 0
585.0 414.0 693.0 414.0 693.0 502.0 585.0 502.0 Boeing737 0
181.0 769.0 268.0 769.0 268.0 857.0 181.0 857.0 Boeing737 0
98.0 852.0 182.0 852.0 182.0 922.0 98.0 922.0 Boeing737 0
