1457.0 516.0 1499.0 516.0 1499.0 596.0 1457.0 596.0 ARJ21 0
1089.0 512.0 1155.0 512.0 1155.0 562.0 1089.0 562.0 Boeing737 0
969.0 822.0 1029.0 822.0 1029.0 889.0 969.0 889.0 other 0
1057.0 815.0 1108.0 815.0 1108.0 889.0 1057.0 889.0 other 0
1138.0 813.0 1200.0 813.0 1200.0 889.0 1138.0 889.0 other 0
1275.0 809.0 1324.0 809.0 1324.0 879.0 1275.0 879.0 other 0
1352.0 805.0 1422.0 805.0 1422.0 875.0 1352.0 875.0 other 0
973.0 942.0 1027.0 942.0 1027.0 998.0 973.0 998.0 ARJ21 0
976.0 1146.0 1045.0 1146.0 1045.0 1214.0 976.0 1214.0 ARJ21 0
1075.0 1150.0 1126.0 1150.0 1126.0 1211.0 1075.0 1211.0 A220 0
1161.0 1150.0 1215.0 1150.0 1215.0 1208.0 1161.0 1208.0 A320/321 0
1412.0 1414.0 1479.0 1414.0 1479.0 1487.0 1412.0 1487.0 Boeing787 0
1272.0 1417.0 1338.0 1417.0 1338.0 1497.0 1272.0 1497.0 A220 0
1124.0 1418.0 1190.0 1418.0 1190.0 1488.0 1124.0 1488.0 other 0
