16.0 688.0 87.0 688.0 87.0 746.0 16.0 746.0 Boeing737 0
1165.0 179.0 1199.0 179.0 1199.0 274.0 1165.0 274.0 other 0
1068.0 260.0 1161.0 260.0 1161.0 364.0 1068.0 364.0 Boeing787 0
939.0 357.0 1044.0 357.0 1044.0 470.0 939.0 470.0 other 0
713.0 414.0 839.0 414.0 839.0 536.0 713.0 536.0 other 0
792.0 15.0 886.0 15.0 886.0 95.0 792.0 95.0 Boeing787 0
340.0 889.0 437.0 889.0 437.0 970.0 340.0 970.0 Boeing737 0
475.0 805.0 573.0 805.0 573.0 891.0 475.0 891.0 Boeing737 0
576.0 170.0 647.0 170.0 647.0 239.0 576.0 239.0 Boeing737 0
678.0 101.0 770.0 101.0 770.0 197.0 678.0 197.0 Boeing787 0
