1063.0 636.0 1197.0 636.0 1197.0 731.0 1063.0 731.0 other 0
970.0 659.0 1042.0 659.0 1042.0 716.0 970.0 716.0 Boeing737 0
880.0 663.0 956.0 663.0 956.0 724.0 880.0 724.0 Boeing737 0
803.0 669.0 874.0 669.0 874.0 723.0 803.0 723.0 Boeing737 0
1357.0 226.0 1413.0 226.0 1413.0 268.0 1357.0 268.0 other 0
1421.0 225.0 1478.0 225.0 1478.0 265.0 1421.0 265.0 other 0
1292.0 231.0 1350.0 231.0 1350.0 264.0 1292.0 264.0 ARJ21 0
1220.0 616.0 1296.0 616.0 1296.0 695.0 1220.0 695.0 Boeing737 0
835.0 1317.0 946.0 1317.0 946.0 1405.0 835.0 1405.0 A220 0
1177.0 1317.0 1281.0 1317.0 1281.0 1405.0 1177.0 1405.0 A320/321 0
1033.0 1291.0 1146.0 1291.0 1146.0 1406.0 1033.0 1406.0 A320/321 0
1346.0 609.0 1421.0 609.0 1421.0 673.0 1346.0 673.0 Boeing737 0
