420.0 582.0 555.0 582.0 555.0 683.0 420.0 683.0 other 0
523.0 488.0 672.0 488.0 672.0 598.0 523.0 598.0 Boeing737 0
885.0 175.0 1045.0 175.0 1045.0 286.0 885.0 286.0 Boeing737 0
1024.0 88.0 1172.0 88.0 1172.0 197.0 1024.0 197.0 Boeing737 0
1411.0 341.0 1499.0 341.0 1499.0 416.0 1411.0 416.0 Boeing737 0
1335.0 414.0 1443.0 414.0 1443.0 502.0 1335.0 502.0 Boeing737 0
931.0 769.0 1018.0 769.0 1018.0 857.0 931.0 857.0 Boeing737 0
848.0 852.0 932.0 852.0 932.0 922.0 848.0 922.0 Boeing737 0
687.0 933.0 839.0 933.0 839.0 1053.0 687.0 1053.0 other 0
581.0 1028.0 734.0 1028.0 734.0 1149.0 581.0 1149.0 other 0
345.0 1273.0 468.0 1273.0 468.0 1355.0 345.0 1355.0 other 0
