1063.0 1386.0 1197.0 1386.0 1197.0 1481.0 1063.0 1481.0 other 0
970.0 1409.0 1042.0 1409.0 1042.0 1466.0 970.0 1466.0 Boeing737 0
880.0 1413.0 956.0 1413.0 956.0 1474.0 880.0 1474.0 Boeing737 0
803.0 1419.0 874.0 1419.0 874.0 1473.0 803.0 1473.0 Boeing737 0
1202.0 507.0 1329.0 507.0 1329.0 610.0 1202.0 610.0 A320/321 0
1223.0 415.0 1310.0 415.0 1310.0 481.0 1223.0 481.0 other 0
1357.0 976.0 1413.0 976.0 1413.0 1018.0 1357.0 1018.0 other 0
1421.0 975.0 1478.0 975.0 1478.0 1015.0 1421.0 1015.0 other 0
1292.0 981.0 1350.0 981.0 1350.0 1014.0 1292.0 1014.0 ARJ21 0
1208.0 670.0 1328.0 670.0 1328.0 742.0 1208.0 742.0 A220 0
1220.0 1366.0 1296.0 1366.0 1296.0 1445.0 1220.0 1445.0 Boeing737 0
1346.0 1359.0 1421.0 1359.0 1421.0 1423.0 1346.0 1423.0 Boeing737 0
