461.0 8.0 536.0 8.0 536.0 79.0 461.0 79.0 other 0
547.0 5.0 629.0 5.0 629.0 83.0 547.0 83.0 other 0
637.0 5.0 716.0 5.0 716.0 80.0 637.0 80.0 other 0
471.0 141.0 537.0 141.0 537.0 184.0 471.0 184.0 ARJ21 0
479.0 342.0 549.0 342.0 549.0 401.0 479.0 401.0 ARJ21 0
618.0 611.0 699.0 611.0 699.0 711.0 618.0 711.0 other 0
768.0 612.0 848.0 612.0 848.0 738.0 768.0 738.0 other 0
908.0 603.0 987.0 603.0 987.0 716.0 908.0 716.0 Boeing787 0
584.0 347.0 634.0 347.0 634.0 401.0 584.0 401.0 A220 0
669.0 344.0 716.0 344.0 716.0 399.0 669.0 399.0 A320/321 0
