1082.0 884.0 1161.0 884.0 1161.0 952.0 1082.0 952.0 other 0
1097.0 1219.0 1162.0 1219.0 1162.0 1280.0 1097.0 1280.0 ARJ21 0
1260.0 879.0 1327.0 879.0 1327.0 947.0 1260.0 947.0 other 0
1398.0 877.0 1454.0 877.0 1454.0 942.0 1398.0 942.0 other 0
1428.0 586.0 1493.0 586.0 1493.0 669.0 1428.0 669.0 other 0
1346.0 583.0 1422.0 583.0 1422.0 670.0 1346.0 670.0 Boeing737 0
1176.0 894.0 1246.0 894.0 1246.0 957.0 1176.0 957.0 other 0
1088.0 1003.0 1156.0 1003.0 1156.0 1057.0 1088.0 1057.0 ARJ21 0
1466.0 865.0 1499.0 865.0 1499.0 950.0 1466.0 950.0 other 0
1382.0 1168.0 1489.0 1168.0 1489.0 1281.0 1382.0 1281.0 other 0
