631.0 1115.0 721.0 1115.0 721.0 1193.0 631.0 1193.0 other 0
555.0 1139.0 624.0 1139.0 624.0 1197.0 555.0 1197.0 other 0
1074.0 483.0 1147.0 483.0 1147.0 569.0 1074.0 569.0 Boeing737 0
509.0 841.0 585.0 841.0 585.0 932.0 509.0 932.0 Boeing737 0
593.0 835.0 670.0 835.0 670.0 928.0 593.0 928.0 other 0
328.0 852.0 431.0 852.0 431.0 941.0 328.0 941.0 Boeing737 0
244.0 852.0 323.0 852.0 323.0 935.0 244.0 935.0 A320/321 0
97.0 104.0 148.0 104.0 148.0 141.0 97.0 141.0 ARJ21 0
83.0 49.0 140.0 49.0 140.0 86.0 83.0 86.0 ARJ21 0
85.0 159.0 145.0 159.0 145.0 199.0 85.0 199.0 other 0
91.0 214.0 154.0 214.0 154.0 252.0 91.0 252.0 other 0
914.0 1113.0 1008.0 1113.0 1008.0 1177.0 914.0 1177.0 other 0
740.0 837.0 828.0 837.0 828.0 921.0 740.0 921.0 ARJ21 0
336.0 1145.0 404.0 1145.0 404.0 1197.0 336.0 1197.0 other 0
244.0 1147.0 312.0 1147.0 312.0 1199.0 244.0 1199.0 other 0
416.0 1141.0 483.0 1141.0 483.0 1199.0 416.0 1199.0 other 0
