1157.0 366.0 1199.0 366.0 1199.0 446.0 1157.0 446.0 ARJ21 0
789.0 362.0 855.0 362.0 855.0 412.0 789.0 412.0 Boeing737 0
669.0 672.0 729.0 672.0 729.0 739.0 669.0 739.0 other 0
757.0 665.0 808.0 665.0 808.0 739.0 757.0 739.0 other 0
838.0 663.0 900.0 663.0 900.0 739.0 838.0 739.0 other 0
975.0 659.0 1024.0 659.0 1024.0 729.0 975.0 729.0 other 0
1052.0 655.0 1122.0 655.0 1122.0 725.0 1052.0 725.0 other 0
673.0 792.0 727.0 792.0 727.0 848.0 673.0 848.0 ARJ21 0
676.0 996.0 745.0 996.0 745.0 1064.0 676.0 1064.0 ARJ21 0
775.0 1000.0 826.0 1000.0 826.0 1061.0 775.0 1061.0 A220 0
861.0 1000.0 915.0 1000.0 915.0 1058.0 861.0 1058.0 A320/321 0
