529.0 208.0 620.0 208.0 620.0 292.0 529.0 292.0 Boeing737 0
720.0 207.0 815.0 207.0 815.0 297.0 720.0 297.0 other 0
293.0 263.0 384.0 263.0 384.0 345.0 293.0 345.0 A220 0
243.0 344.0 340.0 344.0 340.0 420.0 243.0 420.0 A220 0
254.0 585.0 344.0 585.0 344.0 665.0 254.0 665.0 A220 0
260.0 673.0 362.0 673.0 362.0 743.0 260.0 743.0 A220 0
466.0 625.0 534.0 625.0 534.0 717.0 466.0 717.0 Boeing737 0
595.0 882.0 658.0 882.0 658.0 983.0 595.0 983.0 other 0
704.0 860.0 780.0 860.0 780.0 975.0 704.0 975.0 A320/321 0
504.0 896.0 576.0 896.0 576.0 995.0 504.0 995.0 A220 0
845.0 904.0 908.0 904.0 908.0 990.0 845.0 990.0 A320/321 0
981.0 869.0 1050.0 869.0 1050.0 976.0 981.0 976.0 A320/321 0
