839.0 535.0 952.0 535.0 952.0 651.0 839.0 651.0 A320/321 0
572.0 550.0 663.0 550.0 663.0 678.0 572.0 678.0 A320/321 0
390.0 582.0 461.0 582.0 461.0 677.0 390.0 677.0 A220 0
714.0 548.0 799.0 548.0 799.0 669.0 714.0 669.0 A320/321 0
626.0 967.0 713.0 967.0 713.0 1061.0 626.0 1061.0 Boeing787 0
765.0 944.0 846.0 944.0 846.0 1061.0 765.0 1061.0 A320/321 0
881.0 933.0 976.0 933.0 976.0 1018.0 881.0 1018.0 Boeing737 0
923.0 884.0 1034.0 884.0 1034.0 967.0 923.0 967.0 A320/321 0
325.0 1041.0 448.0 1041.0 448.0 1123.0 325.0 1123.0 A330 0
586.0 1238.0 674.0 1238.0 674.0 1358.0 586.0 1358.0 other 0
312.0 1292.0 426.0 1292.0 426.0 1395.0 312.0 1395.0 A320/321 0
