1082.0 172.0 1174.0 172.0 1174.0 265.0 1082.0 265.0 other 0
963.0 263.0 1057.0 263.0 1057.0 362.0 963.0 362.0 other 0
834.0 379.0 931.0 379.0 931.0 487.0 834.0 487.0 other 0
715.0 479.0 815.0 479.0 815.0 574.0 715.0 574.0 other 0
618.0 560.0 711.0 560.0 711.0 664.0 618.0 664.0 Boeing787 0
489.0 657.0 594.0 657.0 594.0 770.0 489.0 770.0 other 0
263.0 714.0 389.0 714.0 389.0 836.0 263.0 836.0 other 0
342.0 315.0 436.0 315.0 436.0 395.0 342.0 395.0 Boeing787 0
25.0 1105.0 123.0 1105.0 123.0 1191.0 25.0 1191.0 Boeing737 0
126.0 470.0 197.0 470.0 197.0 539.0 126.0 539.0 Boeing737 0
228.0 401.0 320.0 401.0 320.0 497.0 228.0 497.0 Boeing787 0
