493.0 1321.0 581.0 1321.0 581.0 1458.0 493.0 1458.0 other 0
913.0 1295.0 996.0 1295.0 996.0 1360.0 913.0 1360.0 Boeing787 0
347.0 848.0 403.0 848.0 403.0 894.0 347.0 894.0 ARJ21 0
338.0 721.0 385.0 721.0 385.0 799.0 338.0 799.0 other 0
352.0 1048.0 406.0 1048.0 406.0 1123.0 352.0 1123.0 ARJ21 0
639.0 1017.0 736.0 1017.0 736.0 1118.0 639.0 1118.0 other 0
742.0 1029.0 802.0 1029.0 802.0 1103.0 742.0 1103.0 A220 0
592.0 426.0 680.0 426.0 680.0 512.0 592.0 512.0 Boeing737 0
689.0 422.0 755.0 422.0 755.0 505.0 689.0 505.0 other 0
757.0 413.0 800.0 413.0 800.0 495.0 757.0 495.0 ARJ21 0
718.0 694.0 795.0 694.0 795.0 800.0 718.0 800.0 other 0
740.0 815.0 793.0 815.0 793.0 886.0 740.0 886.0 ARJ21 0
647.0 724.0 695.0 724.0 695.0 790.0 647.0 790.0 other 0
517.0 728.0 565.0 728.0 565.0 797.0 517.0 797.0 other 0
415.0 737.0 492.0 737.0 492.0 807.0 415.0 807.0 other 0
