338.0 1471.0 385.0 1471.0 385.0 1499.0 338.0 1499.0 other 0
592.0 1176.0 680.0 1176.0 680.0 1262.0 592.0 1262.0 Boeing737 0
689.0 1172.0 755.0 1172.0 755.0 1255.0 689.0 1255.0 other 0
757.0 1163.0 800.0 1163.0 800.0 1245.0 757.0 1245.0 ARJ21 0
150.0 323.0 217.0 323.0 217.0 365.0 150.0 365.0 other 0
160.0 378.0 228.0 378.0 228.0 422.0 160.0 422.0 ARJ21 0
171.0 433.0 227.0 433.0 227.0 472.0 171.0 472.0 ARJ21 0
177.0 543.0 240.0 543.0 240.0 585.0 177.0 585.0 other 0
647.0 1474.0 695.0 1474.0 695.0 1499.0 647.0 1499.0 other 0
517.0 1478.0 565.0 1478.0 565.0 1499.0 517.0 1499.0 other 0
