69.0 72.0 129.0 72.0 129.0 139.0 69.0 139.0 other 0
157.0 65.0 208.0 65.0 208.0 139.0 157.0 139.0 other 0
238.0 63.0 300.0 63.0 300.0 139.0 238.0 139.0 other 0
375.0 59.0 424.0 59.0 424.0 129.0 375.0 129.0 other 0
452.0 55.0 522.0 55.0 522.0 125.0 452.0 125.0 other 0
73.0 192.0 127.0 192.0 127.0 248.0 73.0 248.0 ARJ21 0
76.0 396.0 145.0 396.0 145.0 464.0 76.0 464.0 ARJ21 0
175.0 400.0 226.0 400.0 226.0 461.0 175.0 461.0 A220 0
261.0 400.0 315.0 400.0 315.0 458.0 261.0 458.0 A320/321 0
805.0 659.0 897.0 659.0 897.0 744.0 805.0 744.0 A220 0
512.0 664.0 579.0 664.0 579.0 737.0 512.0 737.0 Boeing787 0
372.0 667.0 438.0 667.0 438.0 747.0 372.0 747.0 A220 0
224.0 668.0 290.0 668.0 290.0 738.0 224.0 738.0 other 0
