94.0 850.0 178.0 850.0 178.0 927.0 94.0 927.0 Boeing737 0
177.0 779.0 267.0 779.0 267.0 866.0 177.0 866.0 Boeing737 0
585.0 402.0 681.0 402.0 681.0 488.0 585.0 488.0 Boeing737 0
683.0 343.0 781.0 343.0 781.0 411.0 683.0 411.0 Boeing737 0
809.0 233.0 902.0 233.0 902.0 301.0 809.0 301.0 Boeing737 0
887.0 191.0 961.0 191.0 961.0 252.0 887.0 252.0 Boeing737 0
945.0 127.0 1025.0 127.0 1025.0 193.0 945.0 193.0 Boeing737 0
1009.0 73.0 1092.0 73.0 1092.0 155.0 1009.0 155.0 Boeing737 0
1066.0 13.0 1155.0 13.0 1155.0 90.0 1066.0 90.0 Boeing737 0
271.0 93.0 384.0 93.0 384.0 176.0 271.0 176.0 Boeing737 0
131.0 175.0 269.0 175.0 269.0 272.0 131.0 272.0 Boeing737 0
