716.0 795.0 826.0 795.0 826.0 888.0 716.0 888.0 other 0
828.0 815.0 893.0 815.0 893.0 876.0 828.0 876.0 A220 0
496.0 492.0 576.0 492.0 576.0 575.0 496.0 575.0 other 0
705.0 479.0 804.0 479.0 804.0 564.0 705.0 564.0 other 0
593.0 495.0 679.0 495.0 679.0 568.0 593.0 568.0 other 0
909.0 192.0 975.0 192.0 975.0 279.0 909.0 279.0 ARJ21 0
679.0 196.0 762.0 196.0 762.0 291.0 679.0 291.0 other 0
597.0 202.0 676.0 202.0 676.0 293.0 597.0 293.0 Boeing737 0
507.0 206.0 591.0 206.0 591.0 296.0 507.0 296.0 Boeing737 0
432.0 202.0 504.0 202.0 504.0 294.0 432.0 294.0 A320/321 0
