443.0 246.0 524.0 246.0 524.0 329.0 443.0 329.0 A320/321 0
532.0 257.0 624.0 257.0 624.0 339.0 532.0 339.0 Boeing737 0
714.0 246.0 778.0 246.0 778.0 325.0 714.0 325.0 Boeing737 0
456.0 545.0 508.0 545.0 508.0 621.0 456.0 621.0 other 0
539.0 542.0 599.0 542.0 599.0 613.0 539.0 613.0 other 0
622.0 540.0 678.0 540.0 678.0 610.0 622.0 610.0 other 0
760.0 532.0 799.0 532.0 799.0 596.0 760.0 596.0 other 0
461.0 652.0 516.0 652.0 516.0 705.0 461.0 705.0 ARJ21 0
534.0 644.0 606.0 644.0 606.0 726.0 534.0 726.0 Boeing737 0
632.0 645.0 690.0 645.0 690.0 708.0 632.0 708.0 ARJ21 0
