574.0 1182.0 689.0 1182.0 689.0 1303.0 574.0 1303.0 other 0
491.0 1205.0 570.0 1205.0 570.0 1306.0 491.0 1306.0 A220 0
693.0 1162.0 786.0 1162.0 786.0 1307.0 693.0 1307.0 A320/321 0
970.0 1187.0 1060.0 1187.0 1060.0 1286.0 970.0 1286.0 A320/321 0
829.0 1208.0 942.0 1208.0 942.0 1297.0 829.0 1297.0 A320/321 0
441.0 921.0 537.0 921.0 537.0 1033.0 441.0 1033.0 Boeing737 0
525.0 507.0 624.0 507.0 624.0 605.0 525.0 605.0 Boeing737 0
711.0 504.0 828.0 504.0 828.0 609.0 711.0 609.0 other 0
256.0 974.0 355.0 974.0 355.0 1047.0 256.0 1047.0 A220 0
243.0 903.0 338.0 903.0 338.0 969.0 243.0 969.0 A220 0
241.0 646.0 350.0 646.0 350.0 729.0 241.0 729.0 A220 0
946.0 87.0 1013.0 87.0 1013.0 148.0 946.0 148.0 ARJ21 0
1018.0 84.0 1114.0 84.0 1114.0 132.0 1018.0 132.0 other 0
