22.0 603.0 91.0 603.0 91.0 661.0 22.0 661.0 other 0
25.0 471.0 105.0 471.0 105.0 544.0 25.0 544.0 other 0
33.0 811.0 120.0 811.0 120.0 874.0 33.0 874.0 A320/321 0
34.0 698.0 111.0 698.0 111.0 758.0 34.0 758.0 other 0
118.0 1232.0 168.0 1232.0 168.0 1295.0 118.0 1295.0 ARJ21 0
184.0 1233.0 244.0 1233.0 244.0 1295.0 184.0 1295.0 other 0
2.0 26.0 77.0 26.0 77.0 85.0 2.0 85.0 A320/321 0
5.0 105.0 85.0 105.0 85.0 167.0 5.0 167.0 A320/321 0
16.0 220.0 92.0 220.0 92.0 288.0 16.0 288.0 A220 0
23.0 346.0 103.0 346.0 103.0 418.0 23.0 418.0 A220 0
29.0 942.0 128.0 942.0 128.0 1018.0 29.0 1018.0 A220 0
53.0 1033.0 135.0 1033.0 135.0 1101.0 53.0 1101.0 other 0
