313.0 636.0 447.0 636.0 447.0 731.0 313.0 731.0 other 0
220.0 659.0 292.0 659.0 292.0 716.0 220.0 716.0 Boeing737 0
130.0 663.0 206.0 663.0 206.0 724.0 130.0 724.0 Boeing737 0
53.0 669.0 124.0 669.0 124.0 723.0 53.0 723.0 Boeing737 0
607.0 226.0 663.0 226.0 663.0 268.0 607.0 268.0 other 0
671.0 225.0 728.0 225.0 728.0 265.0 671.0 265.0 other 0
542.0 231.0 600.0 231.0 600.0 264.0 542.0 264.0 ARJ21 0
470.0 616.0 546.0 616.0 546.0 695.0 470.0 695.0 Boeing737 0
85.0 1317.0 196.0 1317.0 196.0 1405.0 85.0 1405.0 A220 0
427.0 1317.0 531.0 1317.0 531.0 1405.0 427.0 1405.0 A320/321 0
283.0 1291.0 396.0 1291.0 396.0 1406.0 283.0 1406.0 A320/321 0
596.0 609.0 671.0 609.0 671.0 673.0 596.0 673.0 Boeing737 0
