860.0 820.0 984.0 820.0 984.0 936.0 860.0 936.0 A320/321 0
1016.0 810.0 1122.0 810.0 1122.0 888.0 1016.0 888.0 Boeing737 0
1055.0 764.0 1155.0 764.0 1155.0 835.0 1055.0 835.0 A320/321 0
574.0 432.0 689.0 432.0 689.0 553.0 574.0 553.0 other 0
491.0 455.0 570.0 455.0 570.0 556.0 491.0 556.0 A220 0
693.0 412.0 786.0 412.0 786.0 557.0 693.0 557.0 A320/321 0
970.0 437.0 1060.0 437.0 1060.0 536.0 970.0 536.0 A320/321 0
829.0 458.0 942.0 458.0 942.0 547.0 829.0 547.0 A320/321 0
441.0 171.0 537.0 171.0 537.0 283.0 441.0 283.0 Boeing737 0
256.0 224.0 355.0 224.0 355.0 297.0 256.0 297.0 A220 0
243.0 153.0 338.0 153.0 338.0 219.0 243.0 219.0 A220 0
