261.0 308.0 336.0 308.0 336.0 379.0 261.0 379.0 other 0
347.0 305.0 429.0 305.0 429.0 383.0 347.0 383.0 other 0
437.0 305.0 516.0 305.0 516.0 380.0 437.0 380.0 other 0
651.0 294.0 731.0 294.0 731.0 368.0 651.0 368.0 other 0
573.0 296.0 635.0 296.0 635.0 368.0 573.0 368.0 other 0
271.0 441.0 337.0 441.0 337.0 484.0 271.0 484.0 ARJ21 0
279.0 642.0 349.0 642.0 349.0 701.0 279.0 701.0 ARJ21 0
757.0 7.0 799.0 7.0 799.0 93.0 757.0 93.0 ARJ21 0
384.0 647.0 434.0 647.0 434.0 701.0 384.0 701.0 A220 0
469.0 644.0 516.0 644.0 516.0 699.0 469.0 699.0 A320/321 0
