1223.0 176.0 1301.0 176.0 1301.0 267.0 1223.0 267.0 Boeing737 0
1358.0 156.0 1462.0 156.0 1462.0 245.0 1358.0 245.0 other 0
799.0 514.0 868.0 514.0 868.0 593.0 799.0 593.0 Boeing737 0
707.0 516.0 782.0 516.0 782.0 596.0 707.0 596.0 ARJ21 0
339.0 512.0 405.0 512.0 405.0 562.0 339.0 562.0 Boeing737 0
219.0 822.0 279.0 822.0 279.0 889.0 219.0 889.0 other 0
307.0 815.0 358.0 815.0 358.0 889.0 307.0 889.0 other 0
388.0 813.0 450.0 813.0 450.0 889.0 388.0 889.0 other 0
525.0 809.0 574.0 809.0 574.0 879.0 525.0 879.0 other 0
602.0 805.0 672.0 805.0 672.0 875.0 602.0 875.0 other 0
223.0 942.0 277.0 942.0 277.0 998.0 223.0 998.0 ARJ21 0
226.0 1146.0 295.0 1146.0 295.0 1214.0 226.0 1214.0 ARJ21 0
325.0 1150.0 376.0 1150.0 376.0 1211.0 325.0 1211.0 A220 0
411.0 1150.0 465.0 1150.0 465.0 1208.0 411.0 1208.0 A320/321 0
955.0 1409.0 1047.0 1409.0 1047.0 1494.0 955.0 1494.0 A220 0
662.0 1414.0 729.0 1414.0 729.0 1487.0 662.0 1487.0 Boeing787 0
522.0 1417.0 588.0 1417.0 588.0 1497.0 522.0 1497.0 A220 0
374.0 1418.0 440.0 1418.0 440.0 1488.0 374.0 1488.0 other 0
