485.0 628.0 533.0 628.0 533.0 682.0 485.0 682.0 ARJ21 0
581.0 846.0 627.0 846.0 627.0 905.0 581.0 905.0 A220 0
658.0 842.0 710.0 842.0 710.0 904.0 658.0 904.0 A320/321 0
489.0 843.0 550.0 843.0 550.0 906.0 489.0 906.0 ARJ21 0
478.0 514.0 517.0 514.0 517.0 578.0 478.0 578.0 other 0
555.0 513.0 604.0 513.0 604.0 581.0 555.0 581.0 other 0
648.0 507.0 696.0 507.0 696.0 571.0 648.0 571.0 other 0
776.0 505.0 826.0 505.0 826.0 564.0 776.0 564.0 other 0
865.0 499.0 913.0 499.0 913.0 563.0 865.0 563.0 other 0
958.0 209.0 999.0 209.0 999.0 286.0 958.0 286.0 ARJ21 0
