965.0 989.0 1056.0 989.0 1056.0 1085.0 965.0 1085.0 A220 0
516.0 695.0 626.0 695.0 626.0 788.0 516.0 788.0 other 0
628.0 715.0 693.0 715.0 693.0 776.0 628.0 776.0 A220 0
296.0 392.0 376.0 392.0 376.0 475.0 296.0 475.0 other 0
505.0 379.0 604.0 379.0 604.0 464.0 505.0 464.0 other 0
393.0 395.0 479.0 395.0 479.0 468.0 393.0 468.0 other 0
789.0 81.0 880.0 81.0 880.0 176.0 789.0 176.0 Boeing737 0
709.0 92.0 775.0 92.0 775.0 179.0 709.0 179.0 ARJ21 0
479.0 96.0 562.0 96.0 562.0 191.0 479.0 191.0 other 0
397.0 102.0 476.0 102.0 476.0 193.0 397.0 193.0 Boeing737 0
307.0 106.0 391.0 106.0 391.0 196.0 307.0 196.0 Boeing737 0
232.0 102.0 304.0 102.0 304.0 194.0 232.0 194.0 A320/321 0
