574.0 682.0 689.0 682.0 689.0 803.0 574.0 803.0 other 0
491.0 705.0 570.0 705.0 570.0 806.0 491.0 806.0 A220 0
693.0 662.0 786.0 662.0 786.0 807.0 693.0 807.0 A320/321 0
829.0 708.0 942.0 708.0 942.0 797.0 829.0 797.0 A320/321 0
441.0 421.0 537.0 421.0 537.0 533.0 441.0 533.0 Boeing737 0
525.0 7.0 624.0 7.0 624.0 105.0 525.0 105.0 Boeing737 0
711.0 4.0 828.0 4.0 828.0 109.0 711.0 109.0 other 0
256.0 474.0 355.0 474.0 355.0 547.0 256.0 547.0 A220 0
243.0 403.0 338.0 403.0 338.0 469.0 243.0 469.0 A220 0
241.0 146.0 350.0 146.0 350.0 229.0 241.0 229.0 A220 0
