843.0 246.0 924.0 246.0 924.0 329.0 843.0 329.0 A320/321 0
932.0 257.0 1024.0 257.0 1024.0 339.0 932.0 339.0 Boeing737 0
1114.0 246.0 1178.0 246.0 1178.0 325.0 1114.0 325.0 Boeing737 0
856.0 545.0 908.0 545.0 908.0 621.0 856.0 621.0 other 0
939.0 542.0 999.0 542.0 999.0 613.0 939.0 613.0 other 0
1022.0 540.0 1078.0 540.0 1078.0 610.0 1022.0 610.0 other 0
1160.0 532.0 1199.0 532.0 1199.0 596.0 1160.0 596.0 other 0
861.0 652.0 916.0 652.0 916.0 705.0 861.0 705.0 ARJ21 0
934.0 644.0 1006.0 644.0 1006.0 726.0 934.0 726.0 Boeing737 0
1032.0 645.0 1090.0 645.0 1090.0 708.0 1032.0 708.0 ARJ21 0
862.0 864.0 934.0 864.0 934.0 944.0 862.0 944.0 ARJ21 0
951.0 867.0 1013.0 867.0 1013.0 937.0 951.0 937.0 A220 0
1040.0 861.0 1098.0 861.0 1098.0 933.0 1040.0 933.0 A320/321 0
