24.0 588.0 172.0 588.0 172.0 697.0 24.0 697.0 Boeing737 0
231.0 326.0 351.0 326.0 351.0 426.0 231.0 426.0 A330 0
833.0 445.0 942.0 445.0 942.0 540.0 833.0 540.0 Boeing737 0
796.0 489.0 888.0 489.0 888.0 591.0 796.0 591.0 Boeing737 0
741.0 569.0 847.0 569.0 847.0 655.0 741.0 655.0 Boeing737 0
692.0 622.0 791.0 622.0 791.0 704.0 692.0 704.0 Boeing737 0
638.0 684.0 707.0 684.0 707.0 754.0 638.0 754.0 Boeing737 0
562.0 737.0 656.0 737.0 656.0 811.0 562.0 811.0 Boeing737 0
411.0 841.0 533.0 841.0 533.0 916.0 411.0 916.0 Boeing737 0
335.0 914.0 443.0 914.0 443.0 999.0 335.0 999.0 Boeing737 0
