427.0 964.0 497.0 964.0 497.0 999.0 427.0 999.0 Boeing787 0
250.0 691.0 323.0 691.0 323.0 763.0 250.0 763.0 A220 0
10.0 379.0 77.0 379.0 77.0 447.0 10.0 447.0 other 0
148.0 377.0 204.0 377.0 204.0 442.0 148.0 442.0 other 0
236.0 470.0 301.0 470.0 301.0 538.0 236.0 538.0 ARJ21 0
241.0 74.0 332.0 74.0 332.0 156.0 241.0 156.0 ARJ21 0
178.0 86.0 243.0 86.0 243.0 169.0 178.0 169.0 other 0
96.0 83.0 172.0 83.0 172.0 170.0 96.0 170.0 Boeing737 0
216.0 365.0 305.0 365.0 305.0 450.0 216.0 450.0 other 0
132.0 668.0 239.0 668.0 239.0 781.0 132.0 781.0 other 0
