256.0 45.0 308.0 45.0 308.0 121.0 256.0 121.0 other 0
339.0 42.0 399.0 42.0 399.0 113.0 339.0 113.0 other 0
422.0 40.0 478.0 40.0 478.0 110.0 422.0 110.0 other 0
560.0 32.0 615.0 32.0 615.0 96.0 560.0 96.0 other 0
634.0 24.0 710.0 24.0 710.0 97.0 634.0 97.0 other 0
261.0 152.0 316.0 152.0 316.0 205.0 261.0 205.0 ARJ21 0
334.0 144.0 406.0 144.0 406.0 226.0 334.0 226.0 Boeing737 0
432.0 145.0 490.0 145.0 490.0 208.0 432.0 208.0 ARJ21 0
556.0 138.0 633.0 138.0 633.0 204.0 556.0 204.0 A220 0
651.0 138.0 713.0 138.0 713.0 199.0 651.0 199.0 ARJ21 0
262.0 364.0 334.0 364.0 334.0 444.0 262.0 444.0 ARJ21 0
351.0 367.0 413.0 367.0 413.0 437.0 351.0 437.0 A220 0
440.0 361.0 498.0 361.0 498.0 433.0 440.0 433.0 A320/321 0
564.0 342.0 643.0 342.0 643.0 417.0 564.0 417.0 other 0
648.0 335.0 728.0 335.0 728.0 407.0 648.0 407.0 A220 0
407.0 640.0 508.0 640.0 508.0 756.0 407.0 756.0 other 0
545.0 644.0 659.0 644.0 659.0 744.0 545.0 744.0 A220 0
691.0 638.0 781.0 638.0 781.0 745.0 691.0 745.0 Boeing787 0
853.0 663.0 935.0 663.0 935.0 739.0 853.0 739.0 Boeing787 0
