961.0 1008.0 1036.0 1008.0 1036.0 1079.0 961.0 1079.0 other 0
1047.0 1005.0 1129.0 1005.0 1129.0 1083.0 1047.0 1083.0 other 0
1137.0 1005.0 1216.0 1005.0 1216.0 1080.0 1137.0 1080.0 other 0
1351.0 994.0 1431.0 994.0 1431.0 1068.0 1351.0 1068.0 other 0
1273.0 996.0 1335.0 996.0 1335.0 1068.0 1273.0 1068.0 other 0
971.0 1141.0 1037.0 1141.0 1037.0 1184.0 971.0 1184.0 ARJ21 0
979.0 1342.0 1049.0 1342.0 1049.0 1401.0 979.0 1401.0 ARJ21 0
802.0 27.0 856.0 27.0 856.0 58.0 802.0 58.0 ARJ21 0
1457.0 707.0 1499.0 707.0 1499.0 793.0 1457.0 793.0 ARJ21 0
1084.0 1347.0 1134.0 1347.0 1134.0 1401.0 1084.0 1401.0 A220 0
1169.0 1344.0 1216.0 1344.0 1216.0 1399.0 1169.0 1399.0 A320/321 0
