1243.0 1321.0 1331.0 1321.0 1331.0 1458.0 1243.0 1458.0 other 0
1097.0 848.0 1153.0 848.0 1153.0 894.0 1097.0 894.0 ARJ21 0
1088.0 721.0 1135.0 721.0 1135.0 799.0 1088.0 799.0 other 0
1102.0 1048.0 1156.0 1048.0 1156.0 1123.0 1102.0 1123.0 ARJ21 0
1389.0 1017.0 1486.0 1017.0 1486.0 1118.0 1389.0 1118.0 other 0
1342.0 426.0 1430.0 426.0 1430.0 512.0 1342.0 512.0 Boeing737 0
1439.0 422.0 1499.0 422.0 1499.0 505.0 1439.0 505.0 other 0
1468.0 694.0 1499.0 694.0 1499.0 800.0 1468.0 800.0 other 0
1397.0 724.0 1445.0 724.0 1445.0 790.0 1397.0 790.0 other 0
1267.0 728.0 1315.0 728.0 1315.0 797.0 1267.0 797.0 other 0
1165.0 737.0 1242.0 737.0 1242.0 807.0 1165.0 807.0 other 0
