24.0 1.0 118.0 1.0 118.0 60.0 24.0 60.0 Boeing787 0
327.0 369.0 404.0 369.0 404.0 456.0 327.0 456.0 A220 0
323.0 290.0 401.0 290.0 401.0 371.0 323.0 371.0 A220 0
311.0 1182.0 393.0 1182.0 393.0 1259.0 311.0 1259.0 A220 0
466.0 1320.0 578.0 1320.0 578.0 1391.0 466.0 1391.0 other 0
157.0 1.0 242.0 1.0 242.0 91.0 157.0 91.0 Boeing787 0
286.0 872.0 394.0 872.0 394.0 969.0 286.0 969.0 A220 0
289.0 991.0 391.0 991.0 391.0 1074.0 289.0 1074.0 A220 0
318.0 1304.0 407.0 1304.0 407.0 1382.0 318.0 1382.0 A220 0
323.0 461.0 404.0 461.0 404.0 554.0 323.0 554.0 A220 0
