985.0 1128.0 1033.0 1128.0 1033.0 1182.0 985.0 1182.0 ARJ21 0
1081.0 1346.0 1127.0 1346.0 1127.0 1405.0 1081.0 1405.0 A220 0
1158.0 1342.0 1210.0 1342.0 1210.0 1404.0 1158.0 1404.0 A320/321 0
989.0 1343.0 1050.0 1343.0 1050.0 1406.0 989.0 1406.0 ARJ21 0
978.0 1014.0 1017.0 1014.0 1017.0 1078.0 978.0 1078.0 other 0
1055.0 1013.0 1104.0 1013.0 1104.0 1081.0 1055.0 1081.0 other 0
1148.0 1007.0 1196.0 1007.0 1196.0 1071.0 1148.0 1071.0 other 0
1276.0 1005.0 1326.0 1005.0 1326.0 1064.0 1276.0 1064.0 other 0
1365.0 999.0 1413.0 999.0 1413.0 1063.0 1365.0 1063.0 other 0
1458.0 709.0 1499.0 709.0 1499.0 786.0 1458.0 786.0 ARJ21 0
803.0 26.0 859.0 26.0 859.0 65.0 803.0 65.0 other 0
