591.0 321.0 664.0 321.0 664.0 408.0 591.0 408.0 other 0
764.0 5.0 861.0 5.0 861.0 116.0 764.0 116.0 A320/321 0
628.0 25.0 709.0 25.0 709.0 123.0 628.0 123.0 Boeing787 0
791.0 743.0 847.0 743.0 847.0 795.0 791.0 795.0 A320/321 0
942.0 1036.0 1030.0 1036.0 1030.0 1085.0 942.0 1085.0 Boeing737 0
746.0 1054.0 863.0 1054.0 863.0 1187.0 746.0 1187.0 other 0
608.0 1065.0 716.0 1065.0 716.0 1198.0 608.0 1198.0 Boeing787 0
439.0 1088.0 535.0 1088.0 535.0 1191.0 439.0 1191.0 A220 0
293.0 1089.0 384.0 1089.0 384.0 1160.0 293.0 1160.0 Boeing737 0
179.0 1216.0 292.0 1216.0 292.0 1310.0 179.0 1310.0 A320/321 0
