1045.0 463.0 1160.0 463.0 1160.0 569.0 1045.0 569.0 Boeing737 0
243.0 846.0 324.0 846.0 324.0 929.0 243.0 929.0 A320/321 0
332.0 857.0 424.0 857.0 424.0 939.0 332.0 939.0 Boeing737 0
514.0 846.0 578.0 846.0 578.0 925.0 514.0 925.0 Boeing737 0
593.0 844.0 672.0 844.0 672.0 924.0 593.0 924.0 other 0
743.0 837.0 822.0 837.0 822.0 917.0 743.0 917.0 ARJ21 0
256.0 1145.0 308.0 1145.0 308.0 1199.0 256.0 1199.0 other 0
339.0 1142.0 399.0 1142.0 399.0 1199.0 339.0 1199.0 other 0
422.0 1140.0 478.0 1140.0 478.0 1199.0 422.0 1199.0 other 0
560.0 1132.0 615.0 1132.0 615.0 1196.0 560.0 1196.0 other 0
634.0 1124.0 710.0 1124.0 710.0 1197.0 634.0 1197.0 other 0
