329.0 8.0 420.0 8.0 420.0 92.0 329.0 92.0 Boeing737 0
520.0 7.0 615.0 7.0 615.0 97.0 520.0 97.0 other 0
93.0 63.0 184.0 63.0 184.0 145.0 93.0 145.0 A220 0
43.0 144.0 140.0 144.0 140.0 220.0 43.0 220.0 A220 0
54.0 385.0 144.0 385.0 144.0 465.0 54.0 465.0 A220 0
60.0 473.0 162.0 473.0 162.0 543.0 60.0 543.0 A220 0
266.0 425.0 334.0 425.0 334.0 517.0 266.0 517.0 Boeing737 0
395.0 682.0 458.0 682.0 458.0 783.0 395.0 783.0 other 0
504.0 660.0 580.0 660.0 580.0 775.0 504.0 775.0 A320/321 0
304.0 696.0 376.0 696.0 376.0 795.0 304.0 795.0 A220 0
645.0 704.0 708.0 704.0 708.0 790.0 645.0 790.0 A320/321 0
