1.0 8.0 36.0 8.0 36.0 79.0 1.0 79.0 other 0
47.0 5.0 129.0 5.0 129.0 83.0 47.0 83.0 other 0
137.0 5.0 216.0 5.0 216.0 80.0 137.0 80.0 other 0
1.0 342.0 49.0 342.0 49.0 401.0 1.0 401.0 ARJ21 0
118.0 611.0 199.0 611.0 199.0 711.0 118.0 711.0 other 0
268.0 612.0 348.0 612.0 348.0 738.0 268.0 738.0 other 0
408.0 603.0 487.0 603.0 487.0 716.0 408.0 716.0 Boeing787 0
84.0 347.0 134.0 347.0 134.0 401.0 84.0 401.0 A220 0
169.0 344.0 216.0 344.0 216.0 399.0 169.0 399.0 A320/321 0
696.0 598.0 792.0 598.0 792.0 687.0 696.0 687.0 A220 0
