85.0 828.0 133.0 828.0 133.0 882.0 85.0 882.0 ARJ21 0
181.0 1046.0 227.0 1046.0 227.0 1105.0 181.0 1105.0 A220 0
258.0 1042.0 310.0 1042.0 310.0 1104.0 258.0 1104.0 A320/321 0
89.0 1043.0 150.0 1043.0 150.0 1106.0 89.0 1106.0 ARJ21 0
78.0 714.0 117.0 714.0 117.0 778.0 78.0 778.0 other 0
155.0 713.0 204.0 713.0 204.0 781.0 155.0 781.0 other 0
248.0 707.0 296.0 707.0 296.0 771.0 248.0 771.0 other 0
376.0 705.0 426.0 705.0 426.0 764.0 376.0 764.0 other 0
465.0 699.0 513.0 699.0 513.0 763.0 465.0 763.0 other 0
558.0 409.0 638.0 409.0 638.0 486.0 558.0 486.0 ARJ21 0
647.0 394.0 706.0 394.0 706.0 484.0 647.0 484.0 Boeing737 0
1074.0 54.0 1147.0 54.0 1147.0 161.0 1074.0 161.0 Boeing737 0
