135.0 1002.0 231.0 1002.0 231.0 1088.0 135.0 1088.0 Boeing737 0
233.0 943.0 331.0 943.0 331.0 1011.0 233.0 1011.0 Boeing737 0
359.0 833.0 452.0 833.0 452.0 901.0 359.0 901.0 Boeing737 0
437.0 791.0 511.0 791.0 511.0 852.0 437.0 852.0 Boeing737 0
495.0 727.0 575.0 727.0 575.0 793.0 495.0 793.0 Boeing737 0
559.0 673.0 642.0 673.0 642.0 755.0 559.0 755.0 Boeing737 0
616.0 613.0 705.0 613.0 705.0 690.0 616.0 690.0 Boeing737 0
669.0 567.0 771.0 567.0 771.0 645.0 669.0 645.0 Boeing737 0
621.0 85.0 687.0 85.0 687.0 146.0 621.0 146.0 Boeing737 0
1068.0 213.0 1154.0 213.0 1154.0 284.0 1068.0 284.0 Boeing737 0
61.0 434.0 158.0 434.0 158.0 529.0 61.0 529.0 A330 0
