1309.0 741.0 1400.0 741.0 1400.0 814.0 1309.0 814.0 Boeing737 0
1082.0 922.0 1174.0 922.0 1174.0 1015.0 1082.0 1015.0 other 0
963.0 1013.0 1057.0 1013.0 1057.0 1112.0 963.0 1112.0 other 0
834.0 1129.0 931.0 1129.0 931.0 1237.0 834.0 1237.0 other 0
715.0 1229.0 815.0 1229.0 815.0 1324.0 715.0 1324.0 other 0
618.0 1310.0 711.0 1310.0 711.0 1414.0 618.0 1414.0 Boeing787 0
263.0 1464.0 389.0 1464.0 389.0 1499.0 263.0 1499.0 other 0
342.0 1065.0 436.0 1065.0 436.0 1145.0 342.0 1145.0 Boeing787 0
1372.0 689.0 1457.0 689.0 1457.0 751.0 1372.0 751.0 Boeing737 0
126.0 1220.0 197.0 1220.0 197.0 1289.0 126.0 1289.0 Boeing737 0
228.0 1151.0 320.0 1151.0 320.0 1247.0 228.0 1247.0 Boeing787 0
