368.0 449.0 452.0 449.0 452.0 537.0 368.0 537.0 other 0
729.0 840.0 851.0 840.0 851.0 925.0 729.0 925.0 A320/321 0
487.0 838.0 599.0 838.0 599.0 911.0 487.0 911.0 other 0
600.0 828.0 700.0 828.0 700.0 910.0 600.0 910.0 A320/321 0
416.0 855.0 509.0 855.0 509.0 930.0 416.0 930.0 A220 0
521.0 1250.0 603.0 1250.0 603.0 1336.0 521.0 1336.0 other 0
896.0 836.0 983.0 836.0 983.0 896.0 896.0 896.0 A320/321 0
986.0 986.0 1062.0 986.0 1062.0 1049.0 986.0 1049.0 A220 0
906.0 126.0 986.0 126.0 986.0 237.0 906.0 237.0 Boeing737 0
768.0 141.0 871.0 141.0 871.0 240.0 768.0 240.0 Boeing737 0
645.0 151.0 728.0 151.0 728.0 241.0 645.0 241.0 other 0
454.0 168.0 536.0 168.0 536.0 271.0 454.0 271.0 Boeing737 0
360.0 176.0 446.0 176.0 446.0 267.0 360.0 267.0 Boeing737 0
212.0 239.0 279.0 239.0 279.0 300.0 212.0 300.0 A220 0
157.0 391.0 245.0 391.0 245.0 452.0 157.0 452.0 A220 0
986.0 908.0 1049.0 908.0 1049.0 976.0 986.0 976.0 A220 0
965.0 1150.0 1058.0 1150.0 1058.0 1229.0 965.0 1229.0 A320/321 0
800.0 1208.0 890.0 1208.0 890.0 1307.0 800.0 1307.0 A320/321 0
670.0 1213.0 752.0 1213.0 752.0 1319.0 670.0 1319.0 Boeing787 0
913.0 1212.0 998.0 1212.0 998.0 1274.0 913.0 1274.0 Boeing737 0
384.0 1329.0 517.0 1329.0 517.0 1437.0 384.0 1437.0 A330 0
215.0 706.0 315.0 706.0 315.0 796.0 215.0 796.0 A220 0
