751.0 277.0 823.0 277.0 823.0 354.0 751.0 354.0 ARJ21 0
685.0 288.0 756.0 288.0 756.0 367.0 685.0 367.0 other 0
588.0 287.0 677.0 287.0 677.0 368.0 588.0 368.0 Boeing737 0
737.0 676.0 792.0 676.0 792.0 740.0 737.0 740.0 ARJ21 0
724.0 557.0 796.0 557.0 796.0 649.0 724.0 649.0 other 0
510.0 574.0 576.0 574.0 576.0 651.0 510.0 651.0 other 0
426.0 590.0 488.0 590.0 488.0 658.0 426.0 658.0 other 0
336.0 582.0 403.0 582.0 403.0 656.0 336.0 656.0 other 0
340.0 708.0 400.0 708.0 400.0 760.0 340.0 760.0 ARJ21 0
743.0 887.0 813.0 887.0 813.0 958.0 743.0 958.0 A220 0
347.0 909.0 425.0 909.0 425.0 980.0 347.0 980.0 ARJ21 0
913.0 1152.0 1007.0 1152.0 1007.0 1199.0 913.0 1199.0 Boeing787 0
649.0 572.0 709.0 572.0 709.0 635.0 649.0 635.0 other 0
636.0 882.0 734.0 882.0 734.0 976.0 636.0 976.0 other 0
