43.0 639.0 154.0 639.0 154.0 725.0 43.0 725.0 A220 0
150.0 336.0 230.0 336.0 230.0 396.0 150.0 396.0 A220 0
61.0 339.0 140.0 339.0 140.0 399.0 61.0 399.0 other 0
131.0 15.0 221.0 15.0 221.0 93.0 131.0 93.0 other 0
55.0 39.0 124.0 39.0 124.0 97.0 55.0 97.0 other 0
55.0 140.0 129.0 140.0 129.0 202.0 55.0 202.0 A220 0
136.0 137.0 225.0 137.0 225.0 199.0 136.0 199.0 ARJ21 0
349.0 653.0 449.0 653.0 449.0 717.0 349.0 717.0 other 0
406.0 86.0 519.0 86.0 519.0 159.0 406.0 159.0 other 0
413.0 168.0 525.0 168.0 525.0 242.0 413.0 242.0 other 0
414.0 13.0 508.0 13.0 508.0 77.0 414.0 77.0 other 0
184.0 639.0 271.0 639.0 271.0 739.0 184.0 739.0 Boeing787 0
486.0 637.0 579.0 637.0 579.0 697.0 486.0 697.0 A220 0
411.0 335.0 497.0 335.0 497.0 416.0 411.0 416.0 other 0
