61.0 708.0 136.0 708.0 136.0 779.0 61.0 779.0 other 0
147.0 705.0 229.0 705.0 229.0 783.0 147.0 783.0 other 0
237.0 705.0 316.0 705.0 316.0 780.0 237.0 780.0 other 0
451.0 694.0 531.0 694.0 531.0 768.0 451.0 768.0 other 0
373.0 696.0 435.0 696.0 435.0 768.0 373.0 768.0 other 0
71.0 841.0 137.0 841.0 137.0 884.0 71.0 884.0 ARJ21 0
79.0 1042.0 149.0 1042.0 149.0 1101.0 79.0 1101.0 ARJ21 0
1061.0 64.0 1151.0 64.0 1151.0 158.0 1061.0 158.0 Boeing737 0
650.0 403.0 702.0 403.0 702.0 487.0 650.0 487.0 Boeing737 0
557.0 407.0 621.0 407.0 621.0 493.0 557.0 493.0 ARJ21 0
184.0 1047.0 234.0 1047.0 234.0 1101.0 184.0 1101.0 A220 0
269.0 1044.0 316.0 1044.0 316.0 1099.0 269.0 1099.0 A320/321 0
