1045.0 613.0 1160.0 613.0 1160.0 719.0 1045.0 719.0 Boeing737 0
1238.0 606.0 1357.0 606.0 1357.0 724.0 1238.0 724.0 Boeing737 0
243.0 996.0 324.0 996.0 324.0 1079.0 243.0 1079.0 A320/321 0
332.0 1007.0 424.0 1007.0 424.0 1089.0 332.0 1089.0 Boeing737 0
514.0 996.0 578.0 996.0 578.0 1075.0 514.0 1075.0 Boeing737 0
593.0 994.0 672.0 994.0 672.0 1074.0 593.0 1074.0 other 0
743.0 987.0 822.0 987.0 822.0 1067.0 743.0 1067.0 ARJ21 0
256.0 1295.0 308.0 1295.0 308.0 1371.0 256.0 1371.0 other 0
339.0 1292.0 399.0 1292.0 399.0 1363.0 339.0 1363.0 other 0
422.0 1290.0 478.0 1290.0 478.0 1360.0 422.0 1360.0 other 0
560.0 1282.0 615.0 1282.0 615.0 1346.0 560.0 1346.0 other 0
634.0 1274.0 710.0 1274.0 710.0 1347.0 634.0 1347.0 other 0
261.0 1402.0 316.0 1402.0 316.0 1455.0 261.0 1455.0 ARJ21 0
334.0 1394.0 406.0 1394.0 406.0 1476.0 334.0 1476.0 Boeing737 0
432.0 1395.0 490.0 1395.0 490.0 1458.0 432.0 1458.0 ARJ21 0
556.0 1388.0 633.0 1388.0 633.0 1454.0 556.0 1454.0 A220 0
651.0 1388.0 713.0 1388.0 713.0 1449.0 651.0 1449.0 ARJ21 0
