347.0 598.0 403.0 598.0 403.0 644.0 347.0 644.0 ARJ21 0
338.0 471.0 385.0 471.0 385.0 549.0 338.0 549.0 other 0
352.0 798.0 406.0 798.0 406.0 873.0 352.0 873.0 ARJ21 0
639.0 767.0 736.0 767.0 736.0 868.0 639.0 868.0 other 0
742.0 779.0 802.0 779.0 802.0 853.0 742.0 853.0 A220 0
592.0 176.0 680.0 176.0 680.0 262.0 592.0 262.0 Boeing737 0
689.0 172.0 755.0 172.0 755.0 255.0 689.0 255.0 other 0
757.0 163.0 800.0 163.0 800.0 245.0 757.0 245.0 ARJ21 0
718.0 444.0 795.0 444.0 795.0 550.0 718.0 550.0 other 0
740.0 565.0 793.0 565.0 793.0 636.0 740.0 636.0 ARJ21 0
647.0 474.0 695.0 474.0 695.0 540.0 647.0 540.0 other 0
517.0 478.0 565.0 478.0 565.0 547.0 517.0 547.0 other 0
415.0 487.0 492.0 487.0 492.0 557.0 415.0 557.0 other 0
