1.0 26.0 73.0 26.0 73.0 91.0 1.0 91.0 Boeing737 0
54.0 1.0 149.0 1.0 149.0 68.0 54.0 68.0 A220 0
274.0 1.0 368.0 1.0 368.0 60.0 274.0 60.0 Boeing787 0
577.0 369.0 654.0 369.0 654.0 456.0 577.0 456.0 A220 0
573.0 290.0 651.0 290.0 651.0 371.0 573.0 371.0 A220 0
527.0 1.0 627.0 1.0 627.0 102.0 527.0 102.0 A320/321 0
407.0 1.0 492.0 1.0 492.0 91.0 407.0 91.0 Boeing787 0
136.0 13.0 223.0 13.0 223.0 104.0 136.0 104.0 other 0
536.0 872.0 644.0 872.0 644.0 969.0 536.0 969.0 A220 0
573.0 461.0 654.0 461.0 654.0 554.0 573.0 554.0 A220 0
