927.0 1464.0 997.0 1464.0 997.0 1499.0 927.0 1499.0 Boeing787 0
332.0 884.0 411.0 884.0 411.0 952.0 332.0 952.0 other 0
347.0 1219.0 412.0 1219.0 412.0 1280.0 347.0 1280.0 ARJ21 0
750.0 1191.0 823.0 1191.0 823.0 1263.0 750.0 1263.0 A220 0
510.0 879.0 577.0 879.0 577.0 947.0 510.0 947.0 other 0
648.0 877.0 704.0 877.0 704.0 942.0 648.0 942.0 other 0
736.0 970.0 801.0 970.0 801.0 1038.0 736.0 1038.0 ARJ21 0
741.0 574.0 832.0 574.0 832.0 656.0 741.0 656.0 ARJ21 0
678.0 586.0 743.0 586.0 743.0 669.0 678.0 669.0 other 0
596.0 583.0 672.0 583.0 672.0 670.0 596.0 670.0 Boeing737 0
426.0 894.0 496.0 894.0 496.0 957.0 426.0 957.0 other 0
338.0 1003.0 406.0 1003.0 406.0 1057.0 338.0 1057.0 ARJ21 0
716.0 865.0 805.0 865.0 805.0 950.0 716.0 950.0 other 0
632.0 1168.0 739.0 1168.0 739.0 1281.0 632.0 1281.0 other 0
