313.0 1386.0 447.0 1386.0 447.0 1481.0 313.0 1481.0 other 0
220.0 1409.0 292.0 1409.0 292.0 1466.0 220.0 1466.0 Boeing737 0
130.0 1413.0 206.0 1413.0 206.0 1474.0 130.0 1474.0 Boeing737 0
53.0 1419.0 124.0 1419.0 124.0 1473.0 53.0 1473.0 Boeing737 0
452.0 507.0 579.0 507.0 579.0 610.0 452.0 610.0 A320/321 0
473.0 415.0 560.0 415.0 560.0 481.0 473.0 481.0 other 0
607.0 976.0 663.0 976.0 663.0 1018.0 607.0 1018.0 other 0
671.0 975.0 728.0 975.0 728.0 1015.0 671.0 1015.0 other 0
542.0 981.0 600.0 981.0 600.0 1014.0 542.0 1014.0 ARJ21 0
458.0 670.0 578.0 670.0 578.0 742.0 458.0 742.0 A220 0
470.0 1366.0 546.0 1366.0 546.0 1445.0 470.0 1445.0 Boeing737 0
596.0 1359.0 671.0 1359.0 671.0 1423.0 596.0 1423.0 Boeing737 0
