285.0 428.0 333.0 428.0 333.0 482.0 285.0 482.0 ARJ21 0
381.0 646.0 427.0 646.0 427.0 705.0 381.0 705.0 A220 0
458.0 642.0 510.0 642.0 510.0 704.0 458.0 704.0 A320/321 0
289.0 643.0 350.0 643.0 350.0 706.0 289.0 706.0 ARJ21 0
278.0 314.0 317.0 314.0 317.0 378.0 278.0 378.0 other 0
355.0 313.0 404.0 313.0 404.0 381.0 355.0 381.0 other 0
448.0 307.0 496.0 307.0 496.0 371.0 448.0 371.0 other 0
576.0 305.0 626.0 305.0 626.0 364.0 576.0 364.0 other 0
665.0 299.0 713.0 299.0 713.0 363.0 665.0 363.0 other 0
758.0 9.0 799.0 9.0 799.0 86.0 758.0 86.0 ARJ21 0
