287.0 78.0 378.0 78.0 378.0 148.0 287.0 148.0 A220 0
253.0 157.0 339.0 157.0 339.0 226.0 253.0 226.0 A220 0
433.0 433.0 563.0 433.0 563.0 523.0 433.0 523.0 Boeing737 0
585.0 689.0 681.0 689.0 681.0 788.0 585.0 788.0 other 0
485.0 706.0 583.0 706.0 583.0 802.0 485.0 802.0 A220 0
690.0 666.0 792.0 666.0 792.0 775.0 690.0 775.0 A320/321 0
523.0 9.0 619.0 9.0 619.0 103.0 523.0 103.0 Boeing737 0
256.0 398.0 341.0 398.0 341.0 464.0 256.0 464.0 A220 0
263.0 476.0 357.0 476.0 357.0 551.0 263.0 551.0 A220 0
826.0 715.0 917.0 715.0 917.0 797.0 826.0 797.0 A320/321 0
552.0 278.0 614.0 278.0 614.0 337.0 552.0 337.0 other 0
