626.0 217.0 713.0 217.0 713.0 311.0 626.0 311.0 Boeing787 0
765.0 194.0 846.0 194.0 846.0 311.0 765.0 311.0 A320/321 0
881.0 183.0 976.0 183.0 976.0 268.0 881.0 268.0 Boeing737 0
923.0 134.0 1034.0 134.0 1034.0 217.0 923.0 217.0 A320/321 0
325.0 291.0 448.0 291.0 448.0 373.0 325.0 373.0 A330 0
586.0 488.0 674.0 488.0 674.0 608.0 586.0 608.0 other 0
312.0 542.0 426.0 542.0 426.0 645.0 312.0 645.0 A320/321 0
645.0 1277.0 730.0 1277.0 730.0 1398.0 645.0 1398.0 Boeing787 0
449.0 1270.0 527.0 1270.0 527.0 1376.0 449.0 1376.0 Boeing737 0
777.0 1271.0 865.0 1271.0 865.0 1387.0 777.0 1387.0 other 0
896.0 1253.0 964.0 1253.0 964.0 1342.0 896.0 1342.0 Boeing737 0
