783.0 61.0 870.0 61.0 870.0 124.0 783.0 124.0 A320/321 0
868.0 482.0 918.0 482.0 918.0 545.0 868.0 545.0 ARJ21 0
934.0 483.0 994.0 483.0 994.0 545.0 934.0 545.0 other 0
368.0 1199.0 452.0 1199.0 452.0 1287.0 368.0 1287.0 other 0
779.0 192.0 878.0 192.0 878.0 268.0 779.0 268.0 A220 0
803.0 283.0 885.0 283.0 885.0 350.0 803.0 350.0 other 0
905.0 876.0 986.0 876.0 986.0 987.0 905.0 987.0 Boeing737 0
768.0 891.0 870.0 891.0 870.0 990.0 768.0 990.0 Boeing737 0
645.0 901.0 728.0 901.0 728.0 991.0 645.0 991.0 other 0
454.0 918.0 536.0 918.0 536.0 1021.0 454.0 1021.0 Boeing737 0
360.0 926.0 446.0 926.0 446.0 1017.0 360.0 1017.0 Boeing737 0
212.0 989.0 279.0 989.0 279.0 1050.0 212.0 1050.0 A220 0
157.0 1141.0 244.0 1141.0 244.0 1202.0 157.0 1202.0 A220 0
