142.0 469.0 222.0 469.0 222.0 524.0 142.0 524.0 A220 0
233.0 466.0 301.0 466.0 301.0 524.0 233.0 524.0 A320/321 0
450.0 436.0 530.0 436.0 530.0 496.0 450.0 496.0 A220 0
361.0 439.0 440.0 439.0 440.0 499.0 361.0 499.0 other 0
431.0 115.0 521.0 115.0 521.0 193.0 431.0 193.0 other 0
355.0 127.0 438.0 127.0 438.0 197.0 355.0 197.0 other 0
355.0 240.0 429.0 240.0 429.0 302.0 355.0 302.0 A220 0
222.0 243.0 304.0 243.0 304.0 307.0 222.0 307.0 ARJ21 0
52.0 252.0 121.0 252.0 121.0 309.0 52.0 309.0 ARJ21 0
436.0 237.0 525.0 237.0 525.0 299.0 436.0 299.0 ARJ21 0
130.0 242.0 211.0 242.0 211.0 327.0 130.0 327.0 Boeing737 0
484.0 739.0 571.0 739.0 571.0 799.0 484.0 799.0 Boeing787 0
209.0 743.0 292.0 743.0 292.0 799.0 209.0 799.0 other 0
136.0 145.0 204.0 145.0 204.0 197.0 136.0 197.0 other 0
44.0 147.0 112.0 147.0 112.0 211.0 44.0 211.0 other 0
216.0 141.0 283.0 141.0 283.0 207.0 216.0 207.0 other 0
53.0 470.0 135.0 470.0 135.0 538.0 53.0 538.0 ARJ21 0
711.0 435.0 797.0 435.0 797.0 516.0 711.0 516.0 other 0
