461.0 508.0 536.0 508.0 536.0 579.0 461.0 579.0 other 0
547.0 505.0 629.0 505.0 629.0 583.0 547.0 583.0 other 0
637.0 505.0 716.0 505.0 716.0 580.0 637.0 580.0 other 0
851.0 494.0 931.0 494.0 931.0 568.0 851.0 568.0 other 0
773.0 496.0 835.0 496.0 835.0 568.0 773.0 568.0 other 0
471.0 641.0 537.0 641.0 537.0 684.0 471.0 684.0 ARJ21 0
479.0 842.0 549.0 842.0 549.0 901.0 479.0 901.0 ARJ21 0
957.0 207.0 999.0 207.0 999.0 293.0 957.0 293.0 ARJ21 0
584.0 847.0 634.0 847.0 634.0 901.0 584.0 901.0 A220 0
669.0 844.0 716.0 844.0 716.0 899.0 669.0 899.0 A320/321 0
